Test Fly: hl_mc_fly_line, height at 1meter
Date:  2023-12-12
logging-rate: 10
-1.7811684608459473
-1.78999924659729
-1.7827754020690918
-1.7934560775756836
-1.7857582569122314
-1.7954591512680054
-1.7888848781585693
-1.7983698844909668
-1.7960039377212524
-1.8060543537139893
-1.7975168228149414
-1.796907663345337
-1.7877687215805054
-1.7889225482940674
-1.7807406187057495
-1.7819812297821045
-1.7785828113555908
-1.7858701944351196
-1.7926161289215088
-1.787558674812317
-1.785664677619934
-1.780800700187683
-1.7902361154556274
-1.7885761260986328
-1.7850277423858643
-1.781031847000122
-1.7777798175811768
-1.7722620964050293
-1.7791343927383423
-1.774713397026062
-1.772842526435852
-1.7699166536331177
-1.7807725667953491
-1.77276611328125
-1.78335440158844
-1.7760006189346313
-1.7858738899230957
-1.7783093452453613
-1.7886650562286377
-1.7799879312515259
-1.7901365756988525
-1.7819163799285889
-1.7924848794937134
-1.789707064628601
-1.7897329330444336
-1.7886608839035034
-1.7986321449279785
-1.7979978322982788
-1.7979611158370972
-1.7916240692138672
-1.8022030591964722
-1.7957276105880737
-1.8057289123535156
-1.799104928970337
-1.8005189895629883
-1.7969602346420288
-1.7968084812164307
-1.7931522130966187
-1.8035686016082764
-1.7988002300262451
-1.8102972507476807
-1.8041495084762573
-1.8145420551300049
-1.8094722032546997
-1.8199115991592407
-1.812282681465149
-1.82382333278656
-1.8295093774795532
-1.8267213106155396
-1.8348309993743896
-1.8354101181030273
-1.8440607786178589
-1.8412467241287231
-1.8465449810028076
-1.840183973312378
-1.8486289978027344
-1.8440074920654297
-1.849378228187561
-1.8450114727020264
-1.8500618934631348
-1.8460900783538818
-1.8537616729736328
-1.8485926389694214
-1.8476492166519165
-1.843636393547058
-1.8475582599639893
-1.84488844871521
-1.849993109703064
-1.84466552734375
-1.8403915166854858
-1.837924838066101
-1.8423031568527222
-1.8400278091430664
-1.8439440727233887
-1.845152735710144
-1.8496809005737305
-1.8522825241088867
-1.8567084074020386
-1.8553075790405273
-1.8591012954711914
-1.8555251359939575
-1.8594526052474976
-1.855153203010559
-1.859298825263977
-1.8541074991226196
-1.8608332872390747
-1.8570585250854492
-1.8617135286331177
-1.8565423488616943
-1.855160117149353
-1.8499493598937988
-1.8585457801818848
-1.85123610496521
-1.8583685159683228
-1.8564027547836304
-1.8648815155029297
-1.8596727848052979
-1.8687978982925415
-1.8613032102584839
-1.870627522468567
-1.8617087602615356
-1.8735848665237427
-1.8634324073791504
-1.872847080230713
-1.8643090724945068
-1.8642792701721191
-1.8565263748168945
-1.8675559759140015
-1.8760331869125366
-1.8703116178512573
-1.8687715530395508
-1.865513563156128
-1.8651108741760254
-1.86248779296875
-1.8622150421142578
-1.8551255464553833
-1.8569179773330688
-1.8490546941757202
-1.8499653339385986
-1.8435256481170654
-1.8372224569320679
-1.8322499990463257
-1.8269939422607422
-1.8360038995742798
-1.8307844400405884
-1.8377175331115723
-1.83148992061615
-1.8272501230239868
-1.8223543167114258
-1.8184165954589844
-1.812964916229248
-1.8231741189956665
-1.8142378330230713
-1.8141793012619019
-1.801585078239441
-1.7990068197250366
-1.7874518632888794
-1.7846344709396362
-1.7734723091125488
-1.772104263305664
-1.7609217166900635
-1.7551459074020386
-1.742782473564148
-1.7281023263931274
-1.7246067523956299
-1.7156150341033936
-1.7067168951034546
-1.69871187210083
-1.6925549507141113
-1.6809964179992676
-1.6702746152877808
-1.6654679775238037
-1.656151294708252
-1.6507853269577026
-1.6389387845993042
-1.6356585025787354
-1.6380082368850708
-1.6307697296142578
-1.6166551113128662
-1.6097391843795776
-1.6007553339004517
-1.5965832471847534
-1.5844752788543701
-1.581434965133667
-1.5700608491897583
-1.5639798641204834
-1.5598613023757935
-1.5492020845413208
-1.5367919206619263
-1.5390870571136475
-1.529825210571289
-1.530574083328247
-1.5226062536239624
-1.5241265296936035
-1.516099214553833
-1.5209884643554688
-1.5174753665924072
-1.5189931392669678
-1.51381254196167
-1.5104206800460815
-1.5127897262573242
-1.5179152488708496
-1.5153863430023193
-1.5207476615905762
-1.517975091934204
-1.5237758159637451
-1.523475170135498
-1.525392770767212
-1.527189016342163
-1.5349793434143066
-1.5383117198944092
-1.541502833366394
-1.5448397397994995
-1.5471628904342651
-1.5481743812561035
-1.5557971000671387
-1.560381531715393
-1.565786361694336
-1.5807445049285889
-1.5858646631240845
-1.5902832746505737
-1.5972583293914795
-1.600386619567871
-1.6023168563842773
-1.6107447147369385
-1.614902138710022
-1.63234543800354
-1.6369261741638184
-1.644998550415039
-1.6492260694503784
-1.6575796604156494
-1.6603127717971802
-1.670293927192688
-1.6724082231521606
-1.6815252304077148
-1.6846094131469727
-1.694554328918457
-1.7031466960906982
-1.7121893167495728
-1.723275899887085
-1.730055332183838
-1.734780192375183
-1.7517362833023071
-1.7549241781234741
-1.7635811567306519
-1.7666234970092773
-1.7732508182525635
-1.7783833742141724
-1.7859008312225342
-1.7954679727554321
-1.8000283241271973
-1.8093674182891846
-1.812343716621399
-1.821645975112915
-1.8217295408248901
-1.8282041549682617
-1.8309392929077148
-1.8563158512115479
-1.8585470914840698
-1.8601356744766235
-1.857977271080017
-1.8879796266555786
-1.8851003646850586
-1.9166630506515503
-1.9139163494110107
-1.9442636966705322
-1.9409339427947998
-1.956071138381958
-1.9560061693191528
-1.9843449592590332
-1.9801722764968872
-1.9943844079971313
-1.9898192882537842
-2.0142409801483154
-2.0082297325134277
-2.032174825668335
-2.0261900424957275
-2.036424398422241
-2.0341129302978516
-2.0317513942718506
-2.0352344512939453
-2.043405055999756
-2.044905424118042
-2.0359911918640137
-2.035832643508911
-2.0243794918060303
-2.0171468257904053
-2.0103819370269775
-2.001584053039551
-1.9909143447875977
-1.9852277040481567
-1.9749817848205566
-1.9800165891647339
-1.9692517518997192
-1.9702311754226685
-1.9602035284042358
-1.9594436883926392
-1.9481840133666992
-1.940885066986084
-1.9255927801132202
-1.9116178750991821
-1.9028974771499634
-1.891880989074707
-1.8789087533950806
-1.8720157146453857
-1.8626729249954224
-1.8563696146011353
-1.8432048559188843
-1.8304954767227173
-1.8168138265609741
-1.8024100065231323
-1.7911449670791626
-1.7747210264205933
-1.764929175376892
-1.7524303197860718
-1.7352627515792847
-1.722468376159668
-1.7110350131988525
-1.6980222463607788
-1.686599850654602
-1.6886299848556519
-1.6761294603347778
-1.662093997001648
-1.6487653255462646
-1.6346876621246338
-1.6204758882522583
-1.6069172620773315
-1.5984077453613281
-1.5844143629074097
-1.5750077962875366
-1.5607222318649292
-1.5566461086273193
-1.5441814661026
-1.5343890190124512
-1.5227999687194824
-1.5139416456222534
-1.5027446746826172
-1.4909995794296265
-1.4798797369003296
-1.4759740829467773
-1.4661380052566528
-1.4541348218917847
-1.4431419372558594
-1.43290114402771
-1.427795648574829
-1.4164752960205078
-1.4085441827774048
-1.3951737880706787
-1.3816602230072021
-1.3724607229232788
-1.3635876178741455
-1.3526650667190552
-1.3449928760528564
-1.3335260152816772
-1.3251330852508545
-1.3174192905426025
-1.3089594841003418
-1.3009634017944336
-1.29061758518219
-1.2789860963821411
-1.2673977613449097
-1.2552624940872192
-1.245858907699585
-1.2341915369033813
-1.2259957790374756
-1.2131359577178955
-1.2023725509643555
-1.193981647491455
-1.1882835626602173
-1.182883381843567
-1.1726750135421753
-1.1648708581924438
-1.15089750289917
-1.139357089996338
-1.1279457807540894
-1.1212540864944458
-1.107452154159546
-1.101718544960022
-1.0897254943847656
-1.0746210813522339
-1.0626078844070435
-1.0518938302993774
-1.0410696268081665
-1.0229763984680176
-1.0134669542312622
-1.0050445795059204
-0.9964591264724731
-0.9874950051307678
-0.9813992977142334
-0.9664026498794556
-0.9609135985374451
-0.9431049227714539
-0.9380748867988586
-0.9225966334342957
-0.9085725545883179
-0.9050261378288269
-0.8962122201919556
-0.8844583034515381
-0.871435821056366
-0.8600450158119202
-0.8546721935272217
-0.8449053168296814
-0.8348861336708069
-0.8267144560813904
-0.8165691494941711
-0.8084020614624023
-0.7952119708061218
-0.7882798314094543
-0.7754963040351868
-0.7680447697639465
-0.7563399076461792
-0.7489205598831177
-0.7363662123680115
-0.7259552478790283
-0.7123635411262512
-0.705084502696991
-0.6920410990715027
-0.6838755011558533
-0.6738635301589966
-0.6671397686004639
-0.6589867472648621
-0.6491713523864746
-0.6400416493415833
-0.639726459980011
-0.6316986680030823
-0.6094316244125366
-0.6121194362640381
-0.591920793056488
-0.5833131074905396
-0.5754568576812744
-0.5677157044410706
-0.557971179485321
-0.5517845749855042
-0.5423578023910522
-0.5360251665115356
-0.5256983637809753
-0.5186154842376709
-0.5166276097297668
-0.5021377801895142
-0.5009065866470337
-0.4877009093761444
-0.4789802134037018
-0.4755653738975525
-0.476814329624176
-0.4710840880870819
-0.4593963623046875
-0.45579174160957336
-0.45044153928756714
-0.4470997452735901
-0.44491198658943176
-0.4451037347316742
-0.44548171758651733
-0.4404457211494446
-0.4351915121078491
-0.43608251214027405
-0.43031278252601624
-0.4303909242153168
-0.4259999990463257
-0.4242025315761566
-0.4206380546092987
-0.419124037027359
-0.41705337166786194
-0.41636043787002563
-0.4146007001399994
-0.41498541831970215
-0.414313942193985
-0.414780855178833
-0.41425830125808716
-0.4170301854610443
-0.4177650213241577
-0.4220831096172333
-0.42339226603507996
-0.42642003297805786
-0.429334819316864
-0.4340798556804657
-0.43754059076309204
-0.44434162974357605
-0.44625088572502136
-0.4515218734741211
-0.4575532078742981
-0.46282872557640076
-0.46869367361068726
-0.4749634861946106
-0.4814779758453369
-0.488531231880188
-0.49290475249290466
-0.5016028881072998
-0.509178876876831
-0.5179053544998169
-0.5247506499290466
-0.5348369479179382
-0.5409343242645264
-0.5518239140510559
-0.558944046497345
-0.5678504705429077
-0.5746354460716248
-0.5826654434204102
-0.5901603698730469
-0.5998581647872925
-0.6067256331443787
-0.6149242520332336
-0.6230067014694214
-0.6334884762763977
-0.6408687233924866
-0.6516611576080322
-0.6581177711486816
-0.6688553690910339
-0.6769482493400574
-0.6860131025314331
-0.6938793063163757
-0.7036809325218201
-0.7126848697662354
-0.7217087149620056
-0.7289390563964844
-0.7377787828445435
-0.7449420094490051
-0.7528952956199646
-0.7594906091690063
-0.7684339880943298
-0.7725778222084045
-0.7817685008049011
-0.7933942079544067
-0.8002840280532837
-0.8074950575828552
-0.8152140974998474
-0.8308684825897217
-0.8355072140693665
-0.8409121632575989
-0.8474547266960144
-0.8647282719612122
-0.8702093362808228
-0.8860998749732971
-0.8910349607467651
-0.9160990118980408
-0.9228295087814331
-0.9375112056732178
-0.9415918588638306
-0.9541110992431641
-0.9578257203102112
-0.9679868817329407
-0.9707028865814209
-0.9755582213401794
-0.9876078367233276
-0.9905604124069214
-0.9919068813323975
-0.9951797127723694
-1.0051374435424805
-1.0085469484329224
-1.018501877784729
-1.0220915079116821
-1.0291587114334106
-1.0302993059158325
-1.0373461246490479
-1.0402500629425049
-1.0400149822235107
-1.0406559705734253
-1.0468388795852661
-1.048583745956421
-1.0547891855239868
-1.0541678667068481
-1.0603286027908325
-1.0603358745574951
-1.058258295059204
-1.054530382156372
-1.0531198978424072
-1.04777193069458
-1.0474214553833008
-1.042263388633728
-1.0429880619049072
-1.0400938987731934
-1.0378938913345337
-1.0349756479263306
-1.0323522090911865
-1.0264782905578613
-1.0231846570968628
-1.0164971351623535
-1.0131752490997314
-1.0076863765716553
-1.001836895942688
-0.9969609975814819
-0.9927911758422852
-0.987909197807312
-0.9830249547958374
-0.974551796913147
-0.9702790975570679
-0.9620186686515808
-0.959596574306488
-0.9535385966300964
-0.9487518668174744
-0.9436976313591003
-0.9383835792541504
-0.931190550327301
-0.9266988635063171
-0.9188608527183533
-0.9153316617012024
-0.9064826369285583
-0.9016506671905518
-0.8931543827056885
-0.8887569308280945
-0.8819875717163086
-0.8757026791572571
-0.8697336316108704
-0.8670560717582703
-0.8602923154830933
-0.857835054397583
-0.8522753715515137
-0.8458279967308044
-0.8413800001144409
-0.83827805519104
-0.8332992792129517
-0.8291986584663391
-0.8254996538162231
-0.8206307291984558
-0.816205620765686
-0.8118193745613098
-0.8078713417053223
-0.806405782699585
-0.8028183579444885
-0.8014907240867615
-0.7997214198112488
-0.7995684742927551
-0.7971130609512329
-0.7946240901947021
-0.7937365174293518
-0.7917090058326721
-0.7898979783058167
-0.7891879677772522
-0.7883465886116028
-0.7853490710258484
-0.7848591804504395
-0.7828102111816406
-0.7826402187347412
-0.7804481387138367
-0.7806789875030518
-0.7808161973953247
-0.781918466091156
-0.7810073494911194
-0.7819426655769348
-0.7810192108154297
-0.7841399908065796
-0.7843255996704102
-0.7879462838172913
-0.7908278703689575
-0.7948422431945801
-0.7965573072433472
-0.7984904646873474
-0.7996480464935303
-0.8036587834358215
-0.8053808212280273
-0.8131251931190491
-0.8161615133285522
-0.8189311623573303
-0.8246437311172485
-0.8308092951774597
-0.8332721590995789
-0.8380073308944702
-0.8411005735397339
-0.8456434011459351
-0.8479616641998291
-0.854418933391571
-0.857130229473114
-0.8629164099693298
-0.8658702969551086
-0.870682954788208
-0.8734535574913025
-0.8780359625816345
-0.8800783157348633
-0.8862917423248291
-0.8899422287940979
-0.8948689699172974
-0.8965739011764526
-0.9019728899002075
-0.9032203555107117
-0.908906877040863
-0.9108902812004089
-0.9160768389701843
-0.9177809953689575
-0.9222900867462158
-0.924892783164978
-0.9282422661781311
-0.9303852319717407
-0.9331383109092712
-0.9357855319976807
-0.9378910660743713
-0.939014196395874
-0.9381587505340576
-0.9425971508026123
-0.9412402510643005
-0.9440250396728516
-0.9442312717437744
-0.9443849921226501
-0.9429677128791809
-0.9462651014328003
-0.9453767538070679
-0.9479957818984985
-0.944907546043396
-0.9477807283401489
-0.9455031156539917
-0.9483317732810974
-0.9454430937767029
-0.9456808567047119
-0.9437109231948853
-0.9437078237533569
-0.9436988234519958
-0.9439164400100708
-0.9434184432029724
-0.9434504508972168
-0.9421402812004089
-0.9412423372268677
-0.9398239850997925
-0.9393824934959412
-0.9376879930496216
-0.9363498687744141
-0.935692310333252
-0.9353107213973999
-0.933313250541687
-0.9304090142250061
-0.9286882877349854
-0.9276050925254822
-0.9258486032485962
-0.9244397878646851
-0.9225766062736511
-0.922020435333252
-0.9200003147125244
-0.9175642728805542
-0.9163725972175598
-0.914036214351654
-0.9129145741462708
-0.911771833896637
-0.9093095064163208
-0.9057743549346924
-0.9052971601486206
-0.9013835787773132
-0.9001198410987854
-0.8967454433441162
-0.8949728608131409
-0.894776463508606
-0.8937133550643921
-0.8888103365898132
-0.8896186947822571
-0.887217104434967
-0.8855990171432495
-0.8830118179321289
-0.8811899423599243
-0.8797279596328735
-0.8803942203521729
-0.8800828456878662
-0.875331461429596
-0.8747162222862244
-0.8715811967849731
-0.8710338473320007
-0.8691368699073792
-0.8678882718086243
-0.8683070540428162
-0.8683552145957947
-0.868401288986206
-0.8655291199684143
-0.8630179762840271
-0.8611456155776978
-0.858308732509613
-0.8591220378875732
-0.857657253742218
-0.8566351532936096
-0.8568221926689148
-0.8551620841026306
-0.85502690076828
-0.8545503616333008
-0.8512372970581055
-0.8517574071884155
-0.8527065515518188
-0.855413019657135
-0.8535025715827942
-0.850951611995697
-0.8475034236907959
-0.8592042922973633
-0.8578200936317444
-0.8560956120491028
-0.8532185554504395
-0.856631338596344
-0.8536666035652161
-0.85779869556427
-0.8558158278465271
-0.8638669848442078
-0.8617963194847107
-0.8591058850288391
-0.8622758388519287
-0.8586341738700867
-0.8656284213066101
-0.862739086151123
-0.8690807819366455
-0.8653318881988525
-0.870911180973053
-0.866072416305542
-0.8708006739616394
-0.8666020035743713
-0.8704885840415955
-0.8657674193382263
-0.8703161478042603
-0.8660644292831421
-0.862552285194397
-0.856923520565033
-0.8607560992240906
-0.8548444509506226
-0.8499379754066467
-0.844955563545227
-0.8485158085823059
-0.8424740433692932
-0.8461798429489136
-0.8389188647270203
-0.8329368233680725
-0.8263760209083557
-0.8188430070877075
-0.8127179741859436
-0.804797351360321
-0.7984866499900818
-0.8035722374916077
-0.7969414591789246
-0.788630485534668
-0.7807144522666931
-0.7849040627479553
-0.7760772705078125
-0.7805465459823608
-0.7711960673332214
-0.7770146727561951
-0.7793834805488586
-0.7708603739738464
-0.7670800089836121
-0.7580594420433044
-0.7491043210029602
-0.7396619319915771
-0.7293813824653625
-0.7183414697647095
-0.7093886733055115
-0.6985127925872803
-0.6879965662956238
-0.676832914352417
-0.6664806008338928
-0.6566029787063599
-0.6570506691932678
-0.6467907428741455
-0.6384472250938416
-0.6285026669502258
-0.6148401498794556
-0.6038991808891296
-0.5905280113220215
-0.5784724950790405
-0.5678159594535828
-0.5574372410774231
-0.5449829697608948
-0.5323314666748047
-0.5208395719528198
-0.5074737668037415
-0.4955081045627594
-0.49033793807029724
-0.4789959788322449
-0.46255630254745483
-0.45145925879478455
-0.4385051131248474
-0.4267421364784241
-0.41448143124580383
-0.40437713265419006
-0.39301326870918274
-0.38161465525627136
-0.3705943524837494
-0.3618445098400116
-0.35020044445991516
-0.3391132056713104
-0.3289813995361328
-0.3172803223133087
-0.30672287940979004
-0.29709377884864807
-0.28754428029060364
-0.2773893475532532
-0.26659777760505676
-0.25852930545806885
-0.2488017976284027
-0.24250580370426178
-0.234383225440979
-0.22359704971313477
-0.2155991494655609
-0.20446273684501648
-0.196073517203331
-0.1851567029953003
-0.17835667729377747
-0.16920357942581177
-0.1631733626127243
-0.15584109723567963
-0.1495664417743683
-0.14166919887065887
-0.13536469638347626
-0.1252242773771286
-0.1203608363866806
-0.11152096837759018
-0.10576867312192917
-0.09887668490409851
-0.09113793820142746
-0.08359303325414658
-0.0821734294295311
-0.07570241391658783
-0.0741574764251709
-0.06741125136613846
-0.06071457639336586
-0.05355367809534073
-0.05374068394303322
-0.04917836934328079
-0.04578652232885361
-0.039585668593645096
-0.04210091754794121
-0.03655777499079704
-0.03916880115866661
-0.03316096216440201
-0.031295713037252426
-0.0252987127751112
-0.028057780116796494
-0.020904697477817535
-0.022734353318810463
-0.01932571269571781
-0.01583082601428032
-0.012889736331999302
-0.005480657331645489
0.0010670445626601577
0.0062689706683158875
0.010366037487983704
0.015858367085456848
0.017644774168729782
0.02241668663918972
0.02696738764643669
0.033317726105451584
0.03676716983318329
0.0415288582444191
0.04424157738685608
0.05119609087705612
0.05386348068714142
0.06064978986978531
0.06260062009096146
0.06962727755308151
0.07335822284221649
0.08003953844308853
0.08481740206480026
0.09228896349668503
0.09700412303209305
0.10416003316640854
0.10865383595228195
0.11524152755737305
0.11970274150371552
0.12681661546230316
0.1315029412508011
0.1392095535993576
0.14543883502483368
0.15316632390022278
0.15819774568080902
0.1654520183801651
0.17055754363536835
0.17758922278881073
0.18174953758716583
0.18865719437599182
0.1937759816646576
0.20010021328926086
0.2061384916305542
0.2121656835079193
0.2187492698431015
0.22459052503108978
0.2305513471364975
0.23517131805419922
0.24069814383983612
0.2462228387594223
0.2507837116718292
0.25634104013442993
0.26115792989730835
0.2674970030784607
0.2743033766746521
0.2804708480834961
0.2868487536907196
0.2904107868671417
0.2949862480163574
0.3005434274673462
0.3045690655708313
0.30838438868522644
0.31474581360816956
0.31975075602531433
0.3241969645023346
0.32795220613479614
0.33394771814346313
0.3400188684463501
0.34590402245521545
0.35131070017814636
0.3560848534107208
0.3599291145801544
0.3645220696926117
0.3706361949443817
0.3770911991596222
0.37955981492996216
0.385843425989151
0.3919816017150879
0.39526036381721497
0.4013631045818329
0.40568816661834717
0.4122485816478729
0.4173143208026886
0.42534318566322327
0.4305758476257324
0.43571820855140686
0.44074684381484985
0.44624996185302734
0.4535304009914398
0.4617837965488434
0.469267338514328
0.47369837760925293
0.48133987188339233
0.4864928424358368
0.4942014217376709
0.4999862313270569
0.5069910287857056
0.5118635892868042
0.518683910369873
0.5269016623497009
0.5336198210716248
0.5401595830917358
0.5462482571601868
0.5606431365013123
0.5671290159225464
0.573305606842041
0.5800825953483582
0.583676815032959
0.5902523994445801
0.5929014086723328
0.6000453233718872
0.6027981042861938
0.6093631386756897
0.6168997883796692
0.6279632449150085
0.6361708045005798
0.6449324488639832
0.6522576212882996
0.66349858045578
0.6715484261512756
0.6778437495231628
0.6875326037406921
0.7048037052154541
0.7142078280448914
0.7191121578216553
0.7218356728553772
0.7277137637138367
0.7345384359359741
0.7325275540351868
0.7465267777442932
0.7510885000228882
0.7597023844718933
0.7598767876625061
0.7761510014533997
0.783413827419281
0.8017076849937439
0.8087183833122253
0.8223106861114502
0.8350080847740173
0.8537363409996033
0.8723050355911255
0.881121814250946
0.8967252373695374
0.89942866563797
0.9144415259361267
0.9313024878501892
0.9384595155715942
0.9377434849739075
0.945717453956604
0.9716418385505676
0.9799624085426331
0.992960512638092
1.00070059299469
1.016725778579712
1.0232040882110596
1.0356485843658447
1.0495765209197998
1.0506669282913208
1.0629216432571411
1.068166971206665
1.0727603435516357
1.0703247785568237
1.0831260681152344
1.0809996128082275
1.0932230949401855
1.1032671928405762
1.1091033220291138
1.106336236000061
1.1110687255859375
1.11264967918396
1.1197463274002075
1.1202096939086914
1.1263588666915894
1.1284061670303345
1.1324968338012695
1.1349434852600098
1.1409860849380493
1.134610891342163
1.1479647159576416
1.1421599388122559
1.1482205390930176
1.1426665782928467
1.1560759544372559
1.1502859592437744
1.1594117879867554
1.150345802307129
1.148077368736267
1.1450974941253662
1.1462836265563965
1.1395502090454102
1.1413346529006958
1.1363492012023926
1.1461951732635498
1.1366783380508423
1.13983154296875
1.137243628501892
1.1333937644958496
1.1330459117889404
1.1288762092590332
1.1313406229019165
1.1211516857147217
1.107226014137268
1.0955860614776611
1.0796527862548828
1.065051794052124
1.0474467277526855
1.032209873199463
1.010533094406128
0.9962815046310425
0.9802448749542236
0.9711461663246155
0.9603736400604248
0.9474623799324036
0.9253535270690918
0.915826141834259
0.8937942385673523
0.8835098743438721
0.8619479537010193
0.8527166247367859
0.8365245461463928
0.8274402022361755
0.8074248433113098
0.7989773154258728
0.782004177570343
0.7737140655517578
0.7610131502151489
0.7537568211555481
0.740017294883728
0.7330065965652466
0.7180811166763306
0.7089272737503052
0.6941172480583191
0.6893998384475708
0.6759319305419922
0.6733050346374512
0.6590443253517151
0.6570868492126465
0.6439492106437683
0.6430879831314087
0.6344492435455322
0.6334367990493774
0.6224408149719238
0.6232950091362
0.6165594458580017
0.6178025007247925
0.6085122227668762
0.6108734011650085
0.6069203019142151
0.6071754097938538
0.6023764610290527
0.5988014340400696
0.5948135852813721
0.5896109342575073
0.5911898016929626
0.5939330458641052
0.5916527509689331
0.5889065861701965
0.5911206007003784
0.588281512260437
0.59161376953125
0.5910741686820984
0.5957534313201904
0.5990515351295471
0.604345440864563
0.6063926815986633
0.609744668006897
0.6114197969436646
0.6144049763679504
0.6180136799812317
0.6200708746910095
0.6248478293418884
0.6291924715042114
0.6336193084716797
0.6394465565681458
0.645733118057251
0.6507337093353271
0.6568670272827148
0.6618245244026184
0.6690054535865784
0.678773820400238
0.6874316334724426
0.6962799429893494
0.7059995532035828
0.7151251435279846
0.7260422706604004
0.7377629280090332
0.7486364841461182
0.7589097619056702
0.7702891826629639
0.7832788228988647
0.7945103049278259
0.8099027276039124
0.8213411569595337
0.834340512752533
0.8447975516319275
0.8567559123039246
0.8696247935295105
0.8820940852165222
0.8918853402137756
0.9040213227272034
0.9165434837341309
0.9316256046295166
0.9435752630233765
0.9633964896202087
0.975163459777832
0.9988360404968262
1.0096840858459473
1.0198301076889038
1.0301541090011597
1.0483328104019165
1.0586730241775513
1.0789015293121338
1.0887778997421265
1.1034090518951416
1.1115230321884155
1.1216425895690918
1.1364468336105347
1.143574833869934
1.1504697799682617
1.1578052043914795
1.1705721616744995
1.1781636476516724
1.1907503604888916
1.1952331066131592
1.2066558599472046
1.2101820707321167
1.2126836776733398
1.2173768281936646
1.2268344163894653
1.2301816940307617
1.2317707538604736
1.2345227003097534
1.238700032234192
1.2423689365386963
1.2444931268692017
1.251641869544983
1.2520791292190552
1.2567883729934692
1.257785439491272
1.2595816850662231
1.260440468788147
1.2658157348632812
1.2654728889465332
1.26983642578125
1.267798662185669
1.26392662525177
1.2624962329864502
1.264296531677246
1.2623217105865479
1.263855218887329
1.2603305578231812
1.2561043500900269
1.2552276849746704
1.253883957862854
1.2477201223373413
1.2438634634017944
1.2386987209320068
1.231947422027588
1.2245792150497437
1.2174203395843506
1.2086167335510254
1.204642653465271
1.1962814331054688
1.1890367269515991
1.1802103519439697
1.1864913702011108
1.176754355430603
1.1671130657196045
1.1565302610397339
1.1489177942276
1.1372169256210327
1.1301952600479126
1.1210848093032837
1.117372989654541
1.1059472560882568
1.0997141599655151
1.087354302406311
1.0867595672607422
1.0754104852676392
1.0633063316345215
1.0515021085739136
1.037463903427124
1.0241246223449707
1.00905442237854
0.9972016215324402
0.9832956790924072
0.9711389541625977
0.9597394466400146
0.9462339878082275
0.9319866299629211
0.9161678552627563
0.9065326452255249
0.8917094469070435
0.8797218799591064
0.8679073452949524
0.8552021980285645
0.8403193354606628
0.8271374702453613
0.8108523488044739
0.7981846928596497
0.7823948860168457
0.7690332531929016
0.7538725137710571
0.7412612438201904
0.7256373763084412
0.7127410173416138
0.6993941068649292
0.6850072145462036
0.6704643368721008
0.6543338298797607
0.6390767693519592
0.6223756074905396
0.6112540364265442
0.5950548648834229
0.5827491879463196
0.5641884207725525
0.5527811646461487
0.5374113917350769
0.525821328163147
0.5092472434043884
0.4973447322845459
0.4821281433105469
0.4717324674129486
0.4584697484970093
0.44895216822624207
0.4386144280433655
0.4278762638568878
0.4179891049861908
0.40901854634284973
0.40025654435157776
0.38965940475463867
0.38219112157821655
0.3748605251312256
0.3663065731525421
0.3628154397010803
0.3558442294597626
0.35018736124038696
0.3426932394504547
0.33727118372917175
0.33003318309783936
0.32432523369789124
0.3170071840286255
0.31360429525375366
0.3090192377567291
0.30380916595458984
0.3001452684402466
0.29830291867256165
0.2949691116809845
0.29368671774864197
0.29217392206192017
0.29154717922210693
0.289861261844635
0.28900715708732605
0.29272520542144775
0.28679755330085754
0.28851318359375
0.2831796109676361
0.2838638722896576
0.2803105413913727
0.28144699335098267
0.2777658998966217
0.28000330924987793
0.27800649404525757
0.27821794152259827
0.2758290469646454
0.27674728631973267
0.2753705084323883
0.27641960978507996
0.27389445900917053
0.27587196230888367
0.27198752760887146
0.27420124411582947
0.27165383100509644
0.27613264322280884
0.27085089683532715
0.27321386337280273
0.27375808358192444
0.2764383554458618
0.2751975655555725
0.27714303135871887
0.2723374366760254
0.27292048931121826
0.27257242798805237
0.2736170291900635
0.27327975630760193
0.27168038487434387
0.2719351351261139
0.2698538899421692
0.26811492443084717
0.26170283555984497
0.2679423987865448
0.2656542956829071
0.26727625727653503
0.2625049948692322
0.26435965299606323
0.2632642984390259
0.263020783662796
0.2591134011745453
0.25890645384788513
0.25672203302383423
0.25612401962280273
0.2515661418437958
0.25041621923446655
0.24732737243175507
0.24439209699630737
0.24264322221279144
0.24200749397277832
0.23832343518733978
0.2350580096244812
0.2324288785457611
0.22943776845932007
0.22660532593727112
0.22515371441841125
0.2217223197221756
0.2184891551733017
0.2155085802078247
0.21078893542289734
0.21186062693595886
0.2079765349626541
0.20487071573734283
0.2011980563402176
0.20067164301872253
0.19701342284679413
0.1955796778202057
0.1905391365289688
0.1887698471546173
0.18426762521266937
0.18112704157829285
0.17571206390857697
0.17374318838119507
0.16708187758922577
0.16540509462356567
0.16257062554359436
0.15733452141284943
0.1588199883699417
0.15253037214279175
0.15577585995197296
0.14951620995998383
0.15248891711235046
0.14710687100887299
0.14643239974975586
0.14153985679149628
0.13837045431137085
0.13858944177627563
0.1356896162033081
0.13679824769496918
0.13452236354351044
0.13393335044384003
0.13045914471149445
0.13036946952342987
0.12898464500904083
0.12916560471057892
0.1280241459608078
0.12825843691825867
0.1270381510257721
0.12540480494499207
0.12263841181993484
0.1259629726409912
0.12439395487308502
0.12708093225955963
0.12449976801872253
0.12291688472032547
0.12249892204999924
0.12752144038677216
0.12313809990882874
0.12672097980976105
0.123672254383564
0.12520833313465118
0.12042267620563507
0.12536418437957764
0.11957351863384247
0.11999613791704178
0.11564095318317413
0.11668853461742401
0.11368817090988159
0.11496125161647797
0.11517266929149628
0.11597521603107452
0.11529572308063507
0.11395838856697083
0.11381882429122925
0.11297386139631271
0.11444897949695587
0.11355239152908325
0.10997114330530167
0.10802542418241501
0.10918469727039337
0.10870817303657532
0.1085597574710846
0.10894226282835007
0.10980423539876938
0.10777050256729126
0.11067371815443039
0.11002073436975479
0.11244499683380127
0.10983934998512268
0.11217915266752243
0.11082076281309128
0.1086866706609726
0.10732176899909973
0.10533613711595535
0.10543867200613022
0.10784514248371124
0.10721992701292038
0.10553386807441711
0.10462190210819244
0.10819875448942184
0.10586005449295044
0.10522804409265518
0.10645581781864166
0.1051541119813919
0.1030963659286499
0.10595682263374329
0.1029912456870079
0.10574642568826675
0.10470723360776901
0.10571208596229553
0.10671016573905945
0.10381276905536652
0.10427121818065643
0.10122762620449066
0.09883401542901993
0.09583237767219543
0.09701286256313324
0.09469212591648102
0.09401433914899826
0.09175952523946762
0.08819447457790375
0.0854250118136406
0.08809316903352737
0.08304620534181595
0.08310101926326752
0.07999361306428909
0.08228405565023422
0.08011223375797272
0.08366941660642624
0.08680859208106995
0.08962393552064896
0.08804938942193985
0.09428958594799042
0.09772845357656479
0.09808924794197083
0.0968157947063446
0.09605097770690918
0.09583742171525955
0.09430885314941406
0.09523908793926239
0.09556027501821518
0.09085734933614731
0.09110194444656372
0.08765610307455063
0.08730416744947433
0.08486541360616684
0.07996759563684464
0.06486278027296066
0.06323634833097458
0.05038965120911598
0.051805246621370316
0.041477106511592865
0.04222472757101059
0.03237853944301605
0.033435385674238205
0.026929529383778572
0.025168152526021004
0.019344476982951164
0.019123997539281845
0.015352522023022175
0.010908802971243858
0.009159615263342857
0.0018654492450878024
0.0005583777092397213
-0.005678788758814335
-0.005985418800264597
-0.01756890118122101
-0.020888350903987885
-0.01803545281291008
-0.016921618953347206
-0.024133821949362755
-0.025528429076075554
-0.03675343841314316
-0.037944626063108444
-0.03752065822482109
-0.03901957720518112
-0.04296388849616051
-0.045000359416007996
-0.046382807195186615
-0.04733923450112343
-0.049683406949043274
-0.05766214057803154
-0.05709529295563698
-0.06348556280136108
-0.06249833106994629
-0.06923370808362961
-0.06998509168624878
-0.07789777219295502
-0.07559546828269958
-0.0819137841463089
-0.08251537382602692
-0.08508653193712234
-0.08695457875728607
-0.09109661728143692
-0.09154291450977325
-0.09359171241521835
-0.09570129960775375
-0.1013166755437851
-0.10270395129919052
-0.10994518548250198
-0.11173593997955322
-0.11599747836589813
-0.1179649606347084
-0.12196175754070282
-0.12451118975877762
-0.1272100955247879
-0.13018234074115753
-0.1325978934764862
-0.13528084754943848
-0.13683706521987915
