Test Fly: hl_mc_fly_line, height at 0.5meter
Date:  2024-01-09
logging-rate: 10
-0.7212004661560059 -0.39165422320365906 -0.2602814733982086
-0.7255775332450867 -0.39325836300849915 -0.2610054314136505
-0.7215858697891235 -0.38890737295150757 -0.2576695382595062
-0.7295528650283813 -0.3881737291812897 -0.26144635677337646
-0.7249544858932495 -0.3832519054412842 -0.2577778697013855
-0.7306452393531799 -0.38020598888397217 -0.2565951943397522
-0.7258844971656799 -0.3740622401237488 -0.2532535493373871
-0.7249715328216553 -0.37722650170326233 -0.2544007897377014
-0.7216452956199646 -0.3831445574760437 -0.2522633671760559
-0.7243109345436096 -0.386831670999527 -0.25415271520614624
-0.7202207446098328 -0.37719497084617615 -0.2509048879146576
-0.7300230860710144 -0.3752060830593109 -0.25355133414268494
-0.7197436690330505 -0.37114983797073364 -0.24787093698978424
-0.7281923890113831 -0.37294381856918335 -0.25141847133636475
-0.7232281565666199 -0.3667677640914917 -0.24776886403560638
-0.7331635355949402 -0.3671976923942566 -0.2503848671913147
-0.7369899153709412 -0.3498722016811371 -0.24794137477874756
-0.7302349209785461 -0.35170966386795044 -0.24747882783412933
-0.7349714636802673 -0.3471924662590027 -0.24589501321315765
-0.7294581532478333 -0.3386494219303131 -0.24395352602005005
-0.7354879379272461 -0.3354828655719757 -0.24276217818260193
-0.7305583953857422 -0.33926284313201904 -0.2403811365365982
-0.7305749654769897 -0.340613454580307 -0.24040819704532623
-0.7248221039772034 -0.34280019998550415 -0.23946164548397064
-0.7213297486305237 -0.3459709584712982 -0.23706939816474915
-0.7203764915466309 -0.3566770553588867 -0.23865902423858643
-0.7256139516830444 -0.35376405715942383 -0.23725157976150513
-0.7278454303741455 -0.35763245820999146 -0.2357458919286728
-0.7315287590026855 -0.35492587089538574 -0.2341577261686325
-0.7255424857139587 -0.35535722970962524 -0.2334413081407547
-0.7312474846839905 -0.3508484661579132 -0.23217831552028656
-0.7285230159759521 -0.36019718647003174 -0.23542271554470062
-0.7222872972488403 -0.3681882917881012 -0.23450034856796265
-0.7186017036437988 -0.3628459870815277 -0.2307252585887909
-0.7280938625335693 -0.3560056984424591 -0.2319076657295227
-0.7217919826507568 -0.3536710739135742 -0.22627392411231995
-0.7301338315010071 -0.35327771306037903 -0.22956965863704681
-0.7263983488082886 -0.3572830855846405 -0.22699253261089325
-0.7245203852653503 -0.3650086522102356 -0.23049917817115784
-0.7169389724731445 -0.3605920970439911 -0.22660134732723236
-0.7161853313446045 -0.369373083114624 -0.2298521101474762
-0.7138175368309021 -0.37098249793052673 -0.22808021306991577
-0.7235761880874634 -0.36626172065734863 -0.22964191436767578
-0.7239088416099548 -0.35410642623901367 -0.22482125461101532
-0.7180914282798767 -0.35710468888282776 -0.22616411745548248
-0.7154929637908936 -0.35920870304107666 -0.22333119809627533
-0.7098836898803711 -0.36307159066200256 -0.22380468249320984
-0.7144811153411865 -0.36556848883628845 -0.2292276918888092
-0.7154085636138916 -0.3669918179512024 -0.22979594767093658
-0.7135432958602905 -0.37522220611572266 -0.2339291274547577
-0.709926426410675 -0.3700273931026459 -0.23038317263126373
-0.7193417549133301 -0.3612990379333496 -0.23171661794185638
-0.7164039015769958 -0.35717350244522095 -0.22773250937461853
-0.7119051814079285 -0.3648335933685303 -0.22841043770313263
-0.7104789614677429 -0.3703703284263611 -0.22585225105285645
-0.7114987969398499 -0.37305498123168945 -0.2275885045528412
-0.704325258731842 -0.36860641837120056 -0.22311805188655853
-0.7053459882736206 -0.3715827167034149 -0.2267003357410431
-0.698430061340332 -0.3691910207271576 -0.221013143658638
-0.7088384032249451 -0.3642309904098511 -0.22240178287029266
-0.7058866024017334 -0.36788877844810486 -0.2198016494512558
-0.6993983387947083 -0.3694671094417572 -0.21968740224838257
-0.6974853873252869 -0.3710113763809204 -0.21728745102882385
-0.7029836177825928 -0.3607383966445923 -0.21432843804359436
-0.7016656398773193 -0.36208605766296387 -0.21194691956043243
-0.6959488391876221 -0.3673112094402313 -0.2133815884590149
-0.700549840927124 -0.36455661058425903 -0.2116081267595291
-0.6997799873352051 -0.37473952770233154 -0.21494631469249725
-0.7017242312431335 -0.3793339133262634 -0.21859216690063477
-0.6996806263923645 -0.37673264741897583 -0.21467621624469757
-0.7056232690811157 -0.37593814730644226 -0.21944871544837952
-0.7029573917388916 -0.37184011936187744 -0.21683241426944733
-0.6990097761154175 -0.3824232220649719 -0.22211679816246033
-0.6949246525764465 -0.3772655725479126 -0.21871355175971985
-0.6966412663459778 -0.3819311261177063 -0.2221066951751709
-0.6971849203109741 -0.3833191692829132 -0.22259561717510223
-0.7006425857543945 -0.3848554790019989 -0.22534911334514618
-0.7020742297172546 -0.3877396881580353 -0.2252015769481659
-0.7047981023788452 -0.38977301120758057 -0.2272079586982727
-0.702031672000885 -0.38535383343696594 -0.22518952190876007
-0.7052608132362366 -0.38622620701789856 -0.226777121424675
-0.702343761920929 -0.38197067379951477 -0.22347602248191833
-0.7061935067176819 -0.3832670748233795 -0.22626391053199768
-0.7059375643730164 -0.38374900817871094 -0.22620631754398346
-0.7121634483337402 -0.3846952021121979 -0.23053701221942902
-0.7087176442146301 -0.3804202973842621 -0.22630643844604492
-0.7139288187026978 -0.383970707654953 -0.23202328383922577
-0.7095568776130676 -0.377645879983902 -0.22827130556106567
-0.7149078845977783 -0.3794005811214447 -0.23321351408958435
-0.7114859819412231 -0.37467339634895325 -0.23021993041038513
-0.718278706073761 -0.3734569251537323 -0.2324472814798355
-0.7143515348434448 -0.3691680133342743 -0.22537270188331604
-0.7128455638885498 -0.37568333745002747 -0.2291986644268036
-0.7071853280067444 -0.37338653206825256 -0.2235984206199646
-0.7141287326812744 -0.37343546748161316 -0.22692248225212097
-0.7121689915657043 -0.3768094778060913 -0.22453348338603973
-0.7108269929885864 -0.3849714994430542 -0.22822287678718567
-0.7052747011184692 -0.38267651200294495 -0.2226753681898117
-0.7044816017150879 -0.3894263505935669 -0.22626523673534393
-0.7016039490699768 -0.3919709622859955 -0.22479863464832306
-0.7082146406173706 -0.39091819524765015 -0.22764798998832703
-0.7023926973342896 -0.38767704367637634 -0.22309184074401855
-0.7085473537445068 -0.38823747634887695 -0.22758157551288605
-0.7057279348373413 -0.391745388507843 -0.22480101883411407
-0.7096185684204102 -0.3915244936943054 -0.22843359410762787
-0.7060348391532898 -0.38652050495147705 -0.22466367483139038
-0.7074143886566162 -0.37840744853019714 -0.22380276024341583
-0.7110130786895752 -0.37704721093177795 -0.22181783616542816
-0.70684415102005 -0.37762969732284546 -0.21982936561107635
-0.7139481902122498 -0.369447261095047 -0.22100144624710083
-0.7099349498748779 -0.3709131181240082 -0.22008629143238068
-0.7129393815994263 -0.3690320551395416 -0.21831980347633362
-0.7088252902030945 -0.3696366846561432 -0.2187236100435257
-0.7069900035858154 -0.3725895881652832 -0.21621665358543396
-0.7065118551254272 -0.37702757120132446 -0.21791402995586395
-0.7084705829620361 -0.3795942962169647 -0.22114291787147522
-0.7066477537155151 -0.37740960717201233 -0.21631258726119995
-0.7098827362060547 -0.37687036395072937 -0.2178044617176056
-0.7111599445343018 -0.37852370738983154 -0.21833498775959015
-0.7084818482398987 -0.3855620324611664 -0.22238348424434662
-0.7084627747535706 -0.38583773374557495 -0.22247008979320526
-0.7075238227844238 -0.3909377157688141 -0.2252933531999588
-0.7015232443809509 -0.3881668448448181 -0.21980659663677216
-0.7074238657951355 -0.3882864713668823 -0.2241588979959488
-0.7027191519737244 -0.3862167000770569 -0.21880127489566803
-0.7089617252349854 -0.38584187626838684 -0.22340136766433716
-0.7039430141448975 -0.38339531421661377 -0.21801084280014038
-0.7083969712257385 -0.38459932804107666 -0.22312740981578827
-0.7052768468856812 -0.38020437955856323 -0.21950015425682068
-0.7111358642578125 -0.38086962699890137 -0.22361893951892853
-0.7053139209747314 -0.37817642092704773 -0.21849046647548676
-0.7049031853675842 -0.38525184988975525 -0.2211921513080597
-0.699905276298523 -0.38306260108947754 -0.2159131020307541
-0.7052515745162964 -0.38448452949523926 -0.21961210668087006
-0.6997948288917542 -0.3823217451572418 -0.21357612311840057
-0.7056217193603516 -0.3826548755168915 -0.21768087148666382
-0.7009037733078003 -0.37927111983299255 -0.2123344987630844
-0.7073476314544678 -0.37550872564315796 -0.21271094679832458
-0.7027989029884338 -0.37340810894966125 -0.20749880373477936
-0.7033953666687012 -0.37720462679862976 -0.2086210697889328
-0.6978415846824646 -0.3757743835449219 -0.20225165784358978
-0.6987414360046387 -0.3799744248390198 -0.20261700451374054
-0.6962916851043701 -0.3750441372394562 -0.19871865212917328
-0.6970922350883484 -0.3790149390697479 -0.19960397481918335
-0.6944680213928223 -0.3750823438167572 -0.1954011470079422
-0.7018239498138428 -0.37244364619255066 -0.19677239656448364
-0.7130252718925476 -0.36388200521469116 -0.19785527884960175
-0.712342381477356 -0.3610214293003082 -0.19229082763195038
-0.7271395325660706 -0.3480738401412964 -0.193895161151886
-0.7273016571998596 -0.3458704352378845 -0.18629974126815796
-0.7266437411308289 -0.3479008078575134 -0.18379653990268707
-0.7259376645088196 -0.34430789947509766 -0.17764966189861298
-0.7238278388977051 -0.34745022654533386 -0.17395338416099548
-0.7242029905319214 -0.3468858599662781 -0.1716604381799698
-0.7238779067993164 -0.3502483069896698 -0.16757911443710327
-0.7208162546157837 -0.34777283668518066 -0.15858390927314758
-0.7250322103500366 -0.34523701667785645 -0.15645551681518555
-0.7223835587501526 -0.3404844105243683 -0.15025264024734497
-0.7243669629096985 -0.3350924253463745 -0.14391885697841644
-0.7201222777366638 -0.3331141471862793 -0.1372169703245163
-0.7284245491027832 -0.3231513202190399 -0.13173940777778625
-0.7255634069442749 -0.3254133462905884 -0.1279357671737671
-0.7298725843429565 -0.319448322057724 -0.12652143836021423
-0.7269941568374634 -0.32467347383499146 -0.12199638038873672
-0.7342721819877625 -0.3190779387950897 -0.11890150606632233
-0.7308376431465149 -0.3255172669887543 -0.1187959834933281
-0.7408326268196106 -0.30452483892440796 -0.12385131418704987
-0.7358220815658569 -0.308965802192688 -0.12408654391765594
-0.7344585657119751 -0.3013274371623993 -0.11510694772005081
-0.734338641166687 -0.30118629336357117 -0.1094169095158577
-0.7297075986862183 -0.30245980620384216 -0.10577496141195297
-0.733712375164032 -0.3058466911315918 -0.10265085846185684
-0.7288823127746582 -0.2982744872570038 -0.09489144384860992
-0.727999210357666 -0.30085769295692444 -0.09688346832990646
-0.7256471514701843 -0.29786160588264465 -0.08486255258321762
-0.7231249213218689 -0.30070218443870544 -0.07883754372596741
-0.7195786237716675 -0.29330018162727356 -0.07202965766191483
-0.7200847268104553 -0.2829517722129822 -0.07259898632764816
-0.7169113755226135 -0.27693864703178406 -0.058197565376758575
-0.710609495639801 -0.289117693901062 -0.0644061490893364
-0.7115565538406372 -0.27987945079803467 -0.0566180944442749
-0.705161452293396 -0.28131598234176636 -0.05151068791747093
-0.7044867873191833 -0.27368423342704773 -0.04439827799797058
-0.6963668465614319 -0.2757364809513092 -0.03161017596721649
-0.6981248259544373 -0.27248460054397583 -0.025573933497071266
-0.6871140599250793 -0.2786741554737091 -0.02152850851416588
-0.6872265338897705 -0.2786894142627716 -0.015620801597833633
-0.6825085878372192 -0.2802148163318634 -0.019798770546913147
-0.6828625798225403 -0.27970945835113525 -0.014535030350089073
-0.6758499145507812 -0.27719056606292725 -0.007461717817932367
-0.6815731525421143 -0.27371251583099365 -0.003593339817598462
-0.6799726486206055 -0.27709272503852844 0.009034218266606331
-0.680446207523346 -0.27836593985557556 0.015252170152962208
-0.6720845699310303 -0.27605685591697693 0.029218874871730804
-0.6755646467208862 -0.2726813852787018 0.025135671719908714
-0.6732494235038757 -0.27282214164733887 0.03380819410085678
-0.6711863279342651 -0.2692071497440338 0.04142758622765541
-0.6735055446624756 -0.26469478011131287 0.047058552503585815
-0.67013019323349 -0.268981397151947 0.05324661359190941
-0.6688040494918823 -0.2604037821292877 0.06688334792852402
-0.6647506356239319 -0.26108935475349426 0.06358787417411804
-0.6707510948181152 -0.26222169399261475 0.0706305131316185
-0.6645002365112305 -0.26447156071662903 0.07760162651538849
-0.6694557666778564 -0.25850215554237366 0.08298103511333466
-0.6603321433067322 -0.25331005454063416 0.09086737781763077
-0.6640838980674744 -0.2525842785835266 0.09472666680812836
-0.6549003720283508 -0.24974378943443298 0.09904876351356506
-0.6571994423866272 -0.24717436730861664 0.10341647267341614
-0.6548104882240295 -0.24501845240592957 0.11431870609521866
-0.6596596837043762 -0.24466338753700256 0.11773744970560074
-0.6555983424186707 -0.2416914403438568 0.1274099498987198
-0.6595571041107178 -0.24649545550346375 0.12685182690620422
-0.6548764109611511 -0.24464859068393707 0.14453740417957306
-0.6562408208847046 -0.244874969124794 0.13553334772586823
-0.6534355878829956 -0.24293825030326843 0.14176392555236816
-0.655575156211853 -0.24289675056934357 0.1426798552274704
-0.6534295082092285 -0.24203646183013916 0.14933402836322784
-0.6584117412567139 -0.2422252893447876 0.1465001255273819
-0.6557196974754333 -0.23965862393379211 0.15374895930290222
-0.6525213122367859 -0.2426152527332306 0.15979263186454773
-0.6581026315689087 -0.23932603001594543 0.16095122694969177
-0.6521046161651611 -0.25111961364746094 0.16026052832603455
-0.6552661657333374 -0.2452881932258606 0.16239087283611298
-0.6570160388946533 -0.242689311504364 0.17252685129642487
-0.6609833836555481 -0.23703303933143616 0.1752239614725113
-0.6596250534057617 -0.23802077770233154 0.1833910495042801
-0.6672109365463257 -0.24042284488677979 0.18788953125476837
-0.6666333675384521 -0.2385571300983429 0.19824349880218506
-0.6757765412330627 -0.24207061529159546 0.2071375846862793
-0.6775241494178772 -0.24119673669338226 0.21731238067150116
-0.6837904453277588 -0.2415507584810257 0.2203638255596161
-0.6846174597740173 -0.2437686175107956 0.22683340311050415
-0.6850263476371765 -0.25190794467926025 0.23351478576660156
-0.6824281215667725 -0.2587215006351471 0.23357318341732025
-0.6823999285697937 -0.2685331106185913 0.24004779756069183
-0.6805309653282166 -0.26906904578208923 0.24709627032279968
-0.6781294345855713 -0.2858085632324219 0.2481181025505066
-0.6816619634628296 -0.2923949956893921 0.25400233268737793
-0.6781951785087585 -0.30663740634918213 0.2535896301269531
-0.6780357956886292 -0.30814287066459656 0.26141098141670227
-0.679237961769104 -0.3185195028781891 0.25367552042007446
-0.680720329284668 -0.3219231069087982 0.2596495449542999
-0.6785464286804199 -0.3337371051311493 0.26047077775001526
-0.6800259947776794 -0.3376489579677582 0.26784518361091614
-0.6773974895477295 -0.3506503105163574 0.26814571022987366
-0.6853494048118591 -0.3466157913208008 0.2657794952392578
-0.6798850893974304 -0.361392080783844 0.26622307300567627
-0.6870152354240417 -0.35910868644714355 0.26658952236175537
-0.684300422668457 -0.3738413453102112 0.2674109637737274
-0.6830385327339172 -0.3779265880584717 0.27356788516044617
-0.6809116005897522 -0.3906952738761902 0.2729739546775818
-0.6786580681800842 -0.39414525032043457 0.2779502272605896
-0.6776678562164307 -0.403610497713089 0.2770569622516632
-0.6748924851417542 -0.4091944098472595 0.2862415015697479
-0.6754767894744873 -0.41378888487815857 0.29133105278015137
-0.6753350496292114 -0.416644811630249 0.29772546887397766
-0.6734525561332703 -0.42696788907051086 0.29823681712150574
-0.68039870262146 -0.42565205693244934 0.2972117066383362
-0.6779387593269348 -0.43417593836784363 0.2949550747871399
-0.6779181361198425 -0.44068384170532227 0.300753653049469
-0.6737984418869019 -0.44503653049468994 0.30118608474731445
-0.6734685897827148 -0.45205608010292053 0.3076896071434021
-0.6745206117630005 -0.4581279754638672 0.3110472559928894
-0.6709046959877014 -0.4698271155357361 0.31334272027015686
-0.6769943237304688 -0.4810275733470917 0.3263126313686371
-0.6757364273071289 -0.4911136031150818 0.32571807503700256
-0.6779186725616455 -0.4968041777610779 0.3426966667175293
-0.6792637705802917 -0.5045034289360046 0.34374845027923584
-0.6767720580101013 -0.5050691366195679 0.3533594608306885
-0.6789587736129761 -0.5154510140419006 0.35648804903030396
-0.6790546178817749 -0.5206567049026489 0.3749167025089264
-0.6820669174194336 -0.5291460156440735 0.37904027104377747
-0.689084529876709 -0.533222496509552 0.3945585787296295
-0.6889445781707764 -0.5368286967277527 0.399593710899353
-0.6887523531913757 -0.5421903133392334 0.4164160192012787
-0.6933761239051819 -0.5466022491455078 0.422249972820282
-0.6941993832588196 -0.5514533519744873 0.44150224328041077
-0.6970778107643127 -0.5605376958847046 0.44548535346984863
-0.6994093060493469 -0.5655176639556885 0.46438372135162354
-0.700976550579071 -0.5703660845756531 0.4669889807701111
-0.7037954330444336 -0.5732982158660889 0.4711074233055115
-0.7067853212356567 -0.5793560743331909 0.486589252948761
-0.7119035720825195 -0.5816501975059509 0.4909825921058655
-0.7182985544204712 -0.5896720290184021 0.5102720260620117
-0.7230154275894165 -0.5922563672065735 0.5154061913490295
-0.7314439415931702 -0.6037397384643555 0.531660795211792
-0.735739529132843 -0.6059682369232178 0.5363526940345764
-0.734087347984314 -0.6050492525100708 0.5404520034790039
-0.735194742679596 -0.6049704551696777 0.545792818069458
-0.7403321862220764 -0.6129062175750732 0.5598743557929993
-0.7444819808006287 -0.6230748891830444 0.5623453855514526
-0.7462077140808105 -0.6253484487533569 0.5786829590797424
-0.7491515278816223 -0.636951208114624 0.5877337455749512
-0.7468255162239075 -0.6336468458175659 0.5933684706687927
-0.7544059753417969 -0.6511341333389282 0.6040626168251038
-0.7534081339836121 -0.6451877355575562 0.6079995036125183
-0.7539282441139221 -0.6513714790344238 0.6108437180519104
-0.7523932456970215 -0.6511281728744507 0.61472088098526
-0.755017101764679 -0.6591957807540894 0.6260761022567749
-0.7544556856155396 -0.657006561756134 0.6288490891456604
-0.7600787281990051 -0.6605812907218933 0.6447854042053223
-0.7586414217948914 -0.6601171493530273 0.6477822065353394
-0.761432945728302 -0.6615431904792786 0.6604191064834595
-0.7614802718162537 -0.660987377166748 0.66055828332901
-0.7635968327522278 -0.66105717420578 0.6730471849441528
-0.7634790539741516 -0.6589783430099487 0.6745758652687073
-0.7652773261070251 -0.6583172082901001 0.6855562925338745
-0.7659120559692383 -0.6555691361427307 0.6859837770462036
-0.7712060213088989 -0.6596970558166504 0.6953893899917603
-0.7714313268661499 -0.6564539670944214 0.6955215930938721
-0.7748582363128662 -0.6597492694854736 0.7037879228591919
-0.7760035991668701 -0.6602794528007507 0.7016476988792419
-0.7733885049819946 -0.6536411046981812 0.7051402926445007
-0.7744186520576477 -0.6494830846786499 0.7038461565971375
-0.7725906372070312 -0.6413600444793701 0.7092294692993164
-0.7744675278663635 -0.6409769058227539 0.7102476358413696
-0.771855890750885 -0.632578432559967 0.7109096646308899
-0.7738826870918274 -0.6326711177825928 0.7113752365112305
-0.773402988910675 -0.6229950189590454 0.7099658846855164
-0.7739084959030151 -0.6218209862709045 0.7073575258255005
-0.7737181186676025 -0.6119155287742615 0.7056546211242676
-0.7746676802635193 -0.6111621260643005 0.703845739364624
-0.7737745046615601 -0.6005839109420776 0.7022588849067688
-0.7696532011032104 -0.5894286036491394 0.7024772763252258
-0.7683663964271545 -0.5866749286651611 0.6993196606636047
-0.7607191801071167 -0.583945095539093 0.6893462538719177
-0.7610175013542175 -0.5787818431854248 0.6859325170516968
-0.7581369280815125 -0.5837345123291016 0.6770178079605103
-0.7582710981369019 -0.5866791009902954 0.6701449751853943
-0.7516019940376282 -0.5746238827705383 0.6658127307891846
-0.7544444799423218 -0.5707252025604248 0.6630687713623047
-0.7510024905204773 -0.5556632280349731 0.6616410613059998
-0.7491349577903748 -0.5626447796821594 0.6539034247398376
-0.7478271126747131 -0.5487588047981262 0.6502223014831543
-0.7452578544616699 -0.5488604307174683 0.641294002532959
-0.7445117831230164 -0.5430547595024109 0.637294352054596
-0.7443274259567261 -0.5402532815933228 0.632388710975647
-0.7389788627624512 -0.528958261013031 0.6321808695793152
-0.734407365322113 -0.5338732004165649 0.6202592849731445
-0.7298875451087952 -0.5219300985336304 0.6189136505126953
-0.7226231694221497 -0.5157653093338013 0.6139876842498779
-0.7211176156997681 -0.5104427337646484 0.6101798415184021
-0.7162322402000427 -0.5069350004196167 0.6063312888145447
-0.7149091362953186 -0.5002263784408569 0.6028183102607727
-0.7152059078216553 -0.4974882900714874 0.600483775138855
-0.7133198976516724 -0.49128246307373047 0.5971735119819641
-0.7082417011260986 -0.48750418424606323 0.5929770469665527
-0.706032395362854 -0.48883554339408875 0.5819811820983887
-0.7020753026008606 -0.47993001341819763 0.5806422829627991
-0.698678195476532 -0.4800671637058258 0.5742839574813843
-0.6954385042190552 -0.47230657935142517 0.5731903910636902
-0.6903718709945679 -0.4765310287475586 0.5644761919975281
-0.6898583769798279 -0.4729865789413452 0.5611268877983093
-0.6874603629112244 -0.47655561566352844 0.5555281639099121
-0.6820112466812134 -0.4667993485927582 0.5554472208023071
-0.6799646615982056 -0.470316618680954 0.5504457950592041
-0.6858041286468506 -0.4531395733356476 0.5409505367279053
-0.6827089786529541 -0.45388171076774597 0.5363768935203552
-0.6922659873962402 -0.44025567173957825 0.5225539207458496
-0.6904953718185425 -0.44434788823127747 0.5194591283798218
-0.6971679925918579 -0.42843151092529297 0.5100239515304565
-0.6933429837226868 -0.43606382608413696 0.5027427673339844
-0.6985962390899658 -0.41961419582366943 0.49433884024620056
-0.699439287185669 -0.4157339632511139 0.497058242559433
-0.6979885697364807 -0.41381698846817017 0.496224582195282
-0.69678795337677 -0.41786378622055054 0.49238044023513794
-0.7005689144134521 -0.41125622391700745 0.4851038157939911
-0.6997522711753845 -0.4151366651058197 0.4807684123516083
-0.7078646421432495 -0.40602007508277893 0.46972140669822693
-0.7035118341445923 -0.39747098088264465 0.47287940979003906
-0.6986103653907776 -0.40134671330451965 0.4681323766708374
-0.6960556507110596 -0.395529180765152 0.47292983531951904
-0.6914697885513306 -0.4032909572124481 0.46577510237693787
-0.6881367564201355 -0.3968003988265991 0.4706995189189911
-0.6905730366706848 -0.39968204498291016 0.4572131037712097
-0.6879346370697021 -0.39423975348472595 0.4624122381210327
-0.6835371255874634 -0.40274637937545776 0.45653268694877625
-0.6818442940711975 -0.399115651845932 0.46393516659736633
-0.6799619197845459 -0.40962573885917664 0.45867404341697693
-0.6764697432518005 -0.40305599570274353 0.46336862444877625
-0.6746999621391296 -0.4135374128818512 0.4596250653266907
-0.6736911535263062 -0.4121682941913605 0.46113884449005127
-0.6710073947906494 -0.4169759452342987 0.4593539535999298
-0.670911431312561 -0.4063929319381714 0.45944344997406006
-0.6690438985824585 -0.41479191184043884 0.4560014605522156
-0.6637089252471924 -0.408214271068573 0.46239861845970154
-0.663909375667572 -0.4168042838573456 0.4613969922065735
-0.6598277688026428 -0.41089341044425964 0.46777212619781494
-0.6569392681121826 -0.41822007298469543 0.4633459150791168
-0.6559998989105225 -0.41933000087738037 0.4665926396846771
-0.6491795182228088 -0.42569291591644287 0.4664294421672821
-0.6460434794425964 -0.42722421884536743 0.47070276737213135
-0.6419544816017151 -0.41761937737464905 0.47828230261802673
-0.6412780284881592 -0.41849902272224426 0.48062047362327576
-0.6364468932151794 -0.4168833792209625 0.48437538743019104
-0.6357308626174927 -0.41651076078414917 0.4864683747291565
-0.6361790895462036 -0.4110347330570221 0.492655485868454
-0.6350690126419067 -0.4105377495288849 0.49495548009872437
-0.6299328804016113 -0.40379583835601807 0.5002989768981934
-0.628473699092865 -0.4055158793926239 0.501641035079956
-0.6236018538475037 -0.39889028668403625 0.5068670511245728
-0.6289058923721313 -0.3923129141330719 0.5062094330787659
-0.6233896017074585 -0.38517311215400696 0.5132265090942383
-0.6190516352653503 -0.39146238565444946 0.5153722763061523
-0.6145936250686646 -0.3852683901786804 0.520330548286438
-0.6102007031440735 -0.39305558800697327 0.5204214453697205
-0.6066198348999023 -0.39166995882987976 0.523593008518219
-0.6024460196495056 -0.3965485394001007 0.5214541554450989
-0.5965493321418762 -0.3925187587738037 0.528854250907898
-0.5953938364982605 -0.3887346386909485 0.5321595072746277
-0.5920858383178711 -0.384235143661499 0.538923978805542
-0.5865156054496765 -0.3903917670249939 0.5353466868400574
-0.5830532312393188 -0.38554883003234863 0.5406501889228821
-0.5778520703315735 -0.39260897040367126 0.5364651083946228
-0.5728688836097717 -0.38902395963668823 0.5438120365142822
-0.571113646030426 -0.389251172542572 0.5446308851242065
-0.5681762099266052 -0.3850955069065094 0.5498293042182922
-0.5700352191925049 -0.3804127275943756 0.5548232793807983
-0.5665037631988525 -0.37770888209342957 0.561161458492279
-0.5679915547370911 -0.3769667446613312 0.5672187209129333
-0.5650426149368286 -0.37261927127838135 0.5712108016014099
-0.5647139549255371 -0.3739040493965149 0.5741363167762756
-0.5607835054397583 -0.37067940831184387 0.5791776180267334
-0.5573673844337463 -0.36756476759910583 0.5820684432983398
-0.5562964081764221 -0.368191123008728 0.584793210029602
-0.5555139183998108 -0.36513060331344604 0.5921183824539185
-0.553784966468811 -0.3670108914375305 0.5946382880210876
-0.5536327362060547 -0.36642056703567505 0.601830780506134
-0.5516988039016724 -0.3667849600315094 0.6042415499687195
-0.5551406741142273 -0.3643922805786133 0.6111634373664856
-0.5530105233192444 -0.3659493327140808 0.6134886145591736
-0.5539296269416809 -0.35938286781311035 0.6211793422698975
-0.5544114708900452 -0.3579087555408478 0.6215899586677551
-0.5529000163078308 -0.3545931875705719 0.6275274753570557
-0.5544918179512024 -0.3507498502731323 0.6327623128890991
-0.5529218912124634 -0.34673410654067993 0.6372849345207214
-0.5514718294143677 -0.3495141267776489 0.6391844153404236
-0.5502198338508606 -0.34583646059036255 0.6434727907180786
-0.552161455154419 -0.34242403507232666 0.6476792097091675
-0.5529098510742188 -0.34168118238449097 0.6488355994224548
-0.5558224320411682 -0.3366808593273163 0.6515238881111145
-0.553263247013092 -0.3329782485961914 0.6560847759246826
-0.5537272095680237 -0.33391639590263367 0.656145453453064
-0.5546961426734924 -0.33287742733955383 0.6560657620429993
-0.5587572455406189 -0.32867631316185 0.6596669554710388
-0.5585421919822693 -0.329013466835022 0.6605258584022522
-0.55983966588974 -0.33045676350593567 0.6587058901786804
-0.5582536458969116 -0.32760632038116455 0.6612113118171692
-0.5616313219070435 -0.3215825855731964 0.6680501699447632
-0.5630683898925781 -0.3199697434902191 0.6674470901489258
-0.5651285648345947 -0.3149481415748596 0.6723511815071106
-0.5662198662757874 -0.31466713547706604 0.6718195676803589
-0.5647100210189819 -0.320741206407547 0.66939777135849
-0.5668649077415466 -0.320298433303833 0.6682812571525574
-0.5728304386138916 -0.31960976123809814 0.6728940606117249
-0.5823944211006165 -0.3134148120880127 0.6634515523910522
-0.5865156054496765 -0.30972719192504883 0.6692034602165222
-0.5880528688430786 -0.31081607937812805 0.6681092381477356
-0.5903480052947998 -0.31126296520233154 0.6717872619628906
-0.5927625298500061 -0.3110351860523224 0.669899582862854
-0.597805380821228 -0.31017664074897766 0.673615038394928
-0.6017665863037109 -0.30711567401885986 0.6740686297416687
-0.6039188504219055 -0.3071986138820648 0.6765909790992737
-0.6071988344192505 -0.3068687319755554 0.673760175704956
-0.6098923683166504 -0.30203187465667725 0.6752968430519104
-0.6124060153961182 -0.30262744426727295 0.673287570476532
-0.6136807203292847 -0.30261337757110596 0.6736899614334106
-0.6166023015975952 -0.302746444940567 0.6715400815010071
-0.619546115398407 -0.3043123185634613 0.6699850559234619
-0.6236966848373413 -0.3032914698123932 0.6706671118736267
-0.6258558034896851 -0.30350321531295776 0.6683581471443176
-0.6315733194351196 -0.30679380893707275 0.6699415445327759
-0.6309255361557007 -0.30402085185050964 0.6698373556137085
-0.6339805722236633 -0.3053542971611023 0.6709613800048828
-0.6365165710449219 -0.3079043924808502 0.6681867837905884
-0.6389806866645813 -0.3096204698085785 0.6662265062332153
-0.6481471061706543 -0.3045591115951538 0.6575840711593628
-0.6491870880126953 -0.30413925647735596 0.6564165353775024
-0.6512467861175537 -0.305116206407547 0.6548802256584167
-0.6545437574386597 -0.30843329429626465 0.6518904566764832
-0.6605913043022156 -0.3154044449329376 0.6518205404281616
-0.6619577407836914 -0.3162423372268677 0.6502795815467834
-0.6687354445457458 -0.32196396589279175 0.6513773202896118
-0.6700077652931213 -0.32312119007110596 0.6497802734375
-0.6763094663619995 -0.33114492893218994 0.6499011516571045
-0.6784612536430359 -0.33425143361091614 0.647122859954834
-0.6813846826553345 -0.3367098867893219 0.645632803440094
-0.6844874620437622 -0.34026864171028137 0.6424338221549988
-0.6903900504112244 -0.34810835123062134 0.6426198482513428
-0.6928547620773315 -0.35315242409706116 0.6401025056838989
-0.6948100924491882 -0.3550543785095215 0.636720597743988
-0.6930238604545593 -0.36123186349868774 0.6354188323020935
-0.6910476088523865 -0.3586457669734955 0.6280351281166077
-0.6874828934669495 -0.3658279776573181 0.6273678541183472
-0.6892896294593811 -0.3680727779865265 0.6212186813354492
-0.6908497214317322 -0.3783826529979706 0.6231173872947693
-0.6970216631889343 -0.3775758445262909 0.6151210069656372
-0.6989243030548096 -0.38679054379463196 0.6150606274604797
-0.6999369263648987 -0.3886308968067169 0.6204105615615845
-0.696241021156311 -0.4060474634170532 0.6160396933555603
-0.7004916667938232 -0.40361589193344116 0.6093512773513794
-0.7012531757354736 -0.41183313727378845 0.6089681386947632
-0.7038127183914185 -0.41657891869544983 0.6161540746688843
-0.7006148099899292 -0.4257202744483948 0.6149256229400635
-0.6993107795715332 -0.4326654076576233 0.613313615322113
-0.7017204761505127 -0.4422495663166046 0.6186637282371521
-0.6980743408203125 -0.44620805978775024 0.6189031600952148
-0.6991451382637024 -0.45666226744651794 0.6226652264595032
-0.6953861713409424 -0.4612923562526703 0.6227296590805054
-0.6959915161132812 -0.4677022099494934 0.6274443864822388
-0.6910763382911682 -0.4739667475223541 0.6287598013877869
-0.6917676329612732 -0.4815410077571869 0.6324660778045654
-0.6869592666625977 -0.48536884784698486 0.633115291595459
-0.6848180294036865 -0.48907145857810974 0.6381898522377014
-0.6803478002548218 -0.4968494474887848 0.6390852928161621
-0.6772242784500122 -0.507168173789978 0.6347860097885132
-0.672903835773468 -0.515713632106781 0.6350725889205933
-0.6743018627166748 -0.5175484418869019 0.6358851194381714
-0.6701458096504211 -0.5258510708808899 0.6363930106163025
-0.6615006327629089 -0.5441159605979919 0.6304591298103333
-0.6529178619384766 -0.5612057447433472 0.6231436729431152
-0.6530203223228455 -0.5682840943336487 0.6245805025100708
-0.6451832056045532 -0.5854595303535461 0.6168016791343689
-0.6418994069099426 -0.5874028205871582 0.6158902645111084
-0.6342926025390625 -0.6018428206443787 0.6074759364128113
-0.6303033232688904 -0.6039862632751465 0.6095770001411438
-0.623193085193634 -0.6178050637245178 0.6036497950553894
-0.61978679895401 -0.6207263469696045 0.6052064299583435
-0.6103973388671875 -0.6371356844902039 0.5982828736305237
-0.6044066548347473 -0.6414239406585693 0.598544180393219
-0.5979129076004028 -0.6556267738342285 0.5931810736656189
-0.5926235914230347 -0.6595298051834106 0.5928924679756165
-0.5859252214431763 -0.6719480752944946 0.5856277346611023
-0.5857823491096497 -0.6763522028923035 0.5860844254493713
-0.5812368392944336 -0.6908280253410339 0.5814570784568787
-0.5775654911994934 -0.6935238838195801 0.5810770988464355
-0.5704836249351501 -0.7041378617286682 0.5796385407447815
-0.5680864453315735 -0.708326518535614 0.5782379508018494
-0.5593703389167786 -0.7160188555717468 0.5737185478210449
-0.5589391589164734 -0.7175323367118835 0.5712563395500183
-0.5507464408874512 -0.7273845672607422 0.565438449382782
-0.5507408380508423 -0.7296473979949951 0.5627620220184326
-0.5469619035720825 -0.7356605529785156 0.5616168975830078
-0.5464695692062378 -0.7382302284240723 0.5593926310539246
-0.5413647890090942 -0.7404274344444275 0.556503415107727
-0.537423849105835 -0.7430254220962524 0.553623378276825
-0.5371702909469604 -0.7460976243019104 0.5533066987991333
-0.5363492369651794 -0.7435629367828369 0.5521589517593384
-0.5335817337036133 -0.7395550012588501 0.550620436668396
-0.5300530195236206 -0.7393320202827454 0.5507104992866516
-0.5241419076919556 -0.7367858290672302 0.5483824610710144
-0.5238197445869446 -0.7342036962509155 0.550614058971405
-0.5243458151817322 -0.7308568954467773 0.5510244369506836
-0.5215052962303162 -0.7288192510604858 0.5536731481552124
-0.519162118434906 -0.7230877876281738 0.5529643893241882
-0.5212151408195496 -0.7207237482070923 0.5545713901519775
-0.5189379453659058 -0.713348925113678 0.5538293719291687
-0.5188713669776917 -0.708939254283905 0.5550411939620972
-0.5193933248519897 -0.7077227830886841 0.5538450479507446
-0.5201104283332825 -0.7029460668563843 0.5559907555580139
-0.5192567706108093 -0.7016604542732239 0.5575538277626038
-0.5187167525291443 -0.6960614919662476 0.5593057870864868
-0.518811047077179 -0.6937031745910645 0.5578087568283081
-0.5164269804954529 -0.6928139328956604 0.556086003780365
-0.5153000354766846 -0.6874821186065674 0.556211531162262
-0.5081937909126282 -0.6988860368728638 0.5451276898384094
-0.5060466527938843 -0.6888226866722107 0.5456733107566833
-0.49678099155426025 -0.7072751522064209 0.5340780019760132
-0.49842962622642517 -0.7037076950073242 0.5321853756904602
-0.4912954866886139 -0.7068954706192017 0.5259936451911926
-0.4942145347595215 -0.7032755017280579 0.5251784324645996
-0.4877433180809021 -0.702800452709198 0.5203530788421631
-0.49420326948165894 -0.6961545348167419 0.5128546357154846
-0.48428329825401306 -0.7044368386268616 0.5027872323989868
-0.4870511293411255 -0.7010716199874878 0.5020352602005005
-0.48388007283210754 -0.7120836973190308 0.4939725697040558
-0.47815340757369995 -0.7211011052131653 0.48425793647766113
-0.4767898619174957 -0.7135764360427856 0.48481687903404236
-0.4773326814174652 -0.7090062499046326 0.4848933815956116
-0.47736865282058716 -0.7038015127182007 0.48849254846572876
-0.47455936670303345 -0.7037984728813171 0.4843553602695465
-0.47455084323883057 -0.6977052092552185 0.48857569694519043
-0.47498661279678345 -0.6931084394454956 0.48538556694984436
-0.47472721338272095 -0.686618447303772 0.48959168791770935
-0.47569555044174194 -0.6799082159996033 0.4903734624385834
-0.47408008575439453 -0.6726780533790588 0.49258357286453247
-0.47402656078338623 -0.6666383743286133 0.493514746427536
-0.47587502002716064 -0.6651989221572876 0.4968920350074768
-0.4767235517501831 -0.6621733903884888 0.49874362349510193
-0.4756709039211273 -0.652173638343811 0.5024226307868958
-0.47346627712249756 -0.6605571508407593 0.5002796053886414
-0.4732759892940521 -0.6543769240379333 0.5030297040939331
-0.4709228575229645 -0.656265377998352 0.5017879605293274
-0.4726468324661255 -0.6535163521766663 0.5032250881195068
-0.4694630205631256 -0.6671250462532043 0.49723997712135315
-0.4708496332168579 -0.6622759699821472 0.49858424067497253
-0.4659615457057953 -0.6659839153289795 0.49614566564559937
-0.46398112177848816 -0.6713256239891052 0.49046140909194946
-0.4643419682979584 -0.6661356091499329 0.49708718061447144
-0.4642631709575653 -0.6682977080345154 0.49162623286247253
-0.4665137231349945 -0.6661162376403809 0.4958643615245819
-0.46783140301704407 -0.6651466488838196 0.4924054741859436
-0.4671267867088318 -0.6587176322937012 0.49898555874824524
-0.46580609679222107 -0.6620775461196899 0.4928782880306244
-0.46676748991012573 -0.6583305597305298 0.49614381790161133
-0.4645889699459076 -0.6583903431892395 0.49182194471359253
-0.46717143058776855 -0.6503904461860657 0.49319392442703247
-0.4660969078540802 -0.6534700393676758 0.4888371229171753
-0.46433088183403015 -0.6459010243415833 0.4921295642852783
-0.46294334530830383 -0.6476903557777405 0.48978090286254883
-0.46319663524627686 -0.6435200572013855 0.49790632724761963
-0.4601204991340637 -0.6465420126914978 0.4926970303058624
-0.4592539072036743 -0.6370695233345032 0.4945521652698517
-0.45696786046028137 -0.642022967338562 0.49021387100219727
-0.46103158593177795 -0.6356658339500427 0.48648902773857117
-0.4589627981185913 -0.6379240155220032 0.48275259137153625
-0.45891624689102173 -0.6281487345695496 0.48297396302223206
-0.4572316110134125 -0.6300285458564758 0.4799855053424835
-0.45852115750312805 -0.625182569026947 0.47945255041122437
-0.45517706871032715 -0.628235399723053 0.47601449489593506
-0.45578405261039734 -0.6230202913284302 0.47611236572265625
-0.45282939076423645 -0.626498281955719 0.47235390543937683
-0.45500701665878296 -0.6204580664634705 0.4717249870300293
-0.4479837417602539 -0.6080566048622131 0.4652855694293976
-0.4429938495159149 -0.6113466024398804 0.46328985691070557
-0.43583422899246216 -0.5986989140510559 0.4567578136920929
-0.4339330196380615 -0.5960721969604492 0.4583689272403717
-0.43154457211494446 -0.5916256904602051 0.4659070670604706
-0.4328572750091553 -0.5911431908607483 0.45573803782463074
-0.42860591411590576 -0.5843847393989563 0.46042758226394653
-0.4271696209907532 -0.5860530138015747 0.4590016305446625
-0.4192149043083191 -0.580277681350708 0.4545851945877075
-0.4170893132686615 -0.573459267616272 0.4471355378627777
-0.4094070494174957 -0.568424642086029 0.4544922411441803
-0.4051867127418518 -0.5696017742156982 0.4504423141479492
-0.393013596534729 -0.5583585500717163 0.447276771068573
-0.3862583339214325 -0.5555110573768616 0.43367281556129456
-0.378897100687027 -0.551114559173584 0.44011685252189636
-0.37274283170700073 -0.5543144941329956 0.42866045236587524
-0.3665304183959961 -0.5472745895385742 0.43398165702819824
-0.3642977774143219 -0.5441389679908752 0.4295201599597931
-0.35918569564819336 -0.5349546670913696 0.43279141187667847
-0.3485586643218994 -0.5360172986984253 0.4242055416107178
-0.34534886479377747 -0.5345269441604614 0.42524218559265137
-0.33164477348327637 -0.5298717021942139 0.41685378551483154
-0.3247930109500885 -0.5306899547576904 0.41905686259269714
-0.31817907094955444 -0.5247039794921875 0.4167328178882599
-0.31378763914108276 -0.5212156176567078 0.42374569177627563
-0.3044673204421997 -0.5116269588470459 0.421690970659256
-0.30023622512817383 -0.5111247301101685 0.41972553730010986
-0.29288411140441895 -0.5054212212562561 0.42353466153144836
-0.29032328724861145 -0.4982161223888397 0.4297630190849304
-0.2853631377220154 -0.5027226209640503 0.4359396994113922
-0.28209009766578674 -0.49854806065559387 0.43797072768211365
-0.2687368094921112 -0.4901958703994751 0.43815895915031433
-0.2628701329231262 -0.49549728631973267 0.4347970485687256
-0.2527819573879242 -0.49140945076942444 0.43210774660110474
-0.2491682916879654 -0.4847973883152008 0.4294826090335846
-0.2426592856645584 -0.48327067494392395 0.4331889748573303
-0.2314680963754654 -0.47452881932258606 0.43126633763313293
-0.2290607988834381 -0.47130244970321655 0.43339115381240845
-0.21973422169685364 -0.46455270051956177 0.4368409812450409
-0.21371574699878693 -0.4637143909931183 0.4438037872314453
-0.20376478135585785 -0.45567983388900757 0.44192060828208923
-0.2013106346130371 -0.4443090558052063 0.4488983452320099
-0.19184960424900055 -0.4382767677307129 0.44943782687187195
-0.18590089678764343 -0.4312998354434967 0.45914191007614136
-0.17372021079063416 -0.42520031332969666 0.4603203237056732
-0.1710006445646286 -0.4159664511680603 0.4680415689945221
-0.16822168231010437 -0.4017821252346039 0.4576309621334076
-0.16674388945102692 -0.390591561794281 0.4656529724597931
-0.15740875899791718 -0.38795149326324463 0.4644002616405487
-0.15541714429855347 -0.38030025362968445 0.47264766693115234
-0.14717905223369598 -0.37675315141677856 0.47708091139793396
-0.14167830348014832 -0.37032198905944824 0.4875994622707367
-0.1366281360387802 -0.3722529113292694 0.49829933047294617
-0.1332339495420456 -0.36502358317375183 0.5056692361831665
-0.12606281042099 -0.36611780524253845 0.5164067149162292
-0.12249931693077087 -0.36166977882385254 0.5230770111083984
-0.12317760288715363 -0.36387574672698975 0.5269742012023926
-0.11593791842460632 -0.36465978622436523 0.5301690697669983
-0.10725278407335281 -0.36246415972709656 0.5338965654373169
-0.104228675365448 -0.3560725152492523 0.5403061509132385
-0.0949171707034111 -0.3568257987499237 0.5465059876441956
-0.09066510200500488 -0.3528222143650055 0.5528920888900757
-0.08359535038471222 -0.35694074630737305 0.5643641352653503
-0.0790494829416275 -0.35888946056365967 0.5702946186065674
-0.07287876307964325 -0.35886791348457336 0.5719115734100342
-0.06918645650148392 -0.35707810521125793 0.5790929198265076
-0.06238192692399025 -0.3583628237247467 0.5807337760925293
-0.05809633061289787 -0.3590880036354065 0.5886167883872986
-0.052746232599020004 -0.35874244570732117 0.5904349684715271
-0.0473485067486763 -0.35815945267677307 0.6013922691345215
-0.04168042168021202 -0.357721745967865 0.6020850539207458
-0.034181367605924606 -0.3590688705444336 0.6091240644454956
-0.027533242478966713 -0.3607349693775177 0.6117889881134033
-0.021832192316651344 -0.3605087697505951 0.6196423172950745
-0.012781686149537563 -0.36544477939605713 0.6226234436035156
-0.008298630826175213 -0.3697581887245178 0.6298198699951172
-0.002142891753464937 -0.37168803811073303 0.6303617358207703
0.002558315172791481 -0.37170928716659546 0.640170693397522
0.00824696198105812 -0.37222209572792053 0.6413582563400269
0.013147160410881042 -0.37716102600097656 0.6477487683296204
0.022273719310760498 -0.3785622715950012 0.6527644991874695
0.027017787098884583 -0.38391029834747314 0.6585042476654053
0.03674514219164848 -0.38687771558761597 0.6623085737228394
0.042874861508607864 -0.39588627219200134 0.6694177985191345
0.050102222710847855 -0.3993830382823944 0.6700899004936218
0.054553039371967316 -0.4059765636920929 0.6733750104904175
0.061655882745981216 -0.40652039647102356 0.6749693751335144
0.06946509331464767 -0.4072894752025604 0.6750732660293579
0.0754367783665657 -0.4103829562664032 0.6782218217849731
0.07681316137313843 -0.40570753812789917 0.6689843535423279
0.08324198424816132 -0.4090605080127716 0.6710736751556396
0.09022465348243713 -0.41263869404792786 0.6700513958930969
0.09806303679943085 -0.41530144214630127 0.6728833317756653
0.1064530536532402 -0.4217449426651001 0.6736404299736023
0.11336968094110489 -0.4224558472633362 0.6769073605537415
0.1195664182305336 -0.42747801542282104 0.6752125024795532
0.12705539166927338 -0.4247662127017975 0.6796796321868896
0.1338357776403427 -0.4302324056625366 0.6783967614173889
0.14059549570083618 -0.4357752799987793 0.6787936091423035
0.1480652391910553 -0.4419388473033905 0.6784995794296265
0.15408669412136078 -0.4458719789981842 0.6771223545074463
0.16062220931053162 -0.44838201999664307 0.6765774488449097
0.1680215746164322 -0.4547094404697418 0.6757887601852417
0.1759568750858307 -0.45682743191719055 0.6734714508056641
0.18307435512542725 -0.46233057975769043 0.67539381980896
0.18906600773334503 -0.468658983707428 0.6754688024520874
0.19647976756095886 -0.4723237156867981 0.6748943328857422
0.20149682462215424 -0.47559991478919983 0.6764724254608154
0.20718464255332947 -0.4794727563858032 0.6744896769523621
0.21484218537807465 -0.48182687163352966 0.6720740795135498
0.222831591963768 -0.4851844310760498 0.6714346408843994
0.229056715965271 -0.49076664447784424 0.6716858148574829
0.23599210381507874 -0.4960816204547882 0.6708086133003235
0.24162544310092926 -0.5015118718147278 0.672537088394165
0.24758917093276978 -0.5066418051719666 0.6707819104194641
0.2621246576309204 -0.5295798778533936 0.6580644845962524
0.2656884789466858 -0.532569169998169 0.6545012593269348
0.2772253453731537 -0.5476899147033691 0.643731415271759
0.287461519241333 -0.5573049783706665 0.6345164179801941
0.2888602912425995 -0.5662149786949158 0.6338908076286316
0.29027798771858215 -0.5678166747093201 0.6117365956306458
0.29398423433303833 -0.5747312307357788 0.6085746884346008
0.3032379746437073 -0.5840499401092529 0.5990325808525085
0.30581095814704895 -0.5891425609588623 0.6015222072601318
0.30159685015678406 -0.5859597325325012 0.5831476449966431
0.30570584535598755 -0.5905224680900574 0.5894902944564819
0.3155292570590973 -0.602161705493927 0.5774035453796387
0.3212069571018219 -0.6053608655929565 0.5845588445663452
0.3300592005252838 -0.6209704875946045 0.5728333592414856
0.32825109362602234 -0.6176671981811523 0.5657303333282471
0.33741825819015503 -0.6328733563423157 0.5543171763420105
0.3273550271987915 -0.6300165057182312 0.533831000328064
0.33589884638786316 -0.6410003304481506 0.5217620134353638
0.33162686228752136 -0.6361466646194458 0.5112432241439819
0.33939507603645325 -0.64830082654953 0.49968090653419495
0.3337918519973755 -0.6450311541557312 0.49138346314430237
0.3399249017238617 -0.6614011526107788 0.4860839545726776
0.334533154964447 -0.6483739018440247 0.4718867838382721
0.33784347772598267 -0.656927764415741 0.4709848165512085
0.3391987085342407 -0.649328887462616 0.47021710872650146
0.34037303924560547 -0.6588839888572693 0.4717774987220764
0.3409610390663147 -0.6523048281669617 0.4657105505466461
0.3420258164405823 -0.6540729999542236 0.468097448348999
0.34163543581962585 -0.6441232562065125 0.4660169184207916
0.34468623995780945 -0.6517930030822754 0.46542391180992126
0.3454696834087372 -0.6457845568656921 0.46278566122055054
0.34797418117523193 -0.6423100233078003 0.46818211674690247
0.3506389856338501 -0.6473479270935059 0.4635142683982849
0.3524180054664612 -0.6449444890022278 0.47005102038383484
0.35794520378112793 -0.6466124057769775 0.46940094232559204
0.35767436027526855 -0.6444735527038574 0.47444790601730347
0.3626779615879059 -0.6463065147399902 0.4756309688091278
0.3646101653575897 -0.6429084539413452 0.480974942445755
0.36425352096557617 -0.640266478061676 0.48343968391418457
0.3666127026081085 -0.64739990234375 0.4846661388874054
0.36838895082473755 -0.6511721014976501 0.4817869961261749
0.3680824935436249 -0.6477410793304443 0.4871642291545868
0.37235569953918457 -0.6467755436897278 0.4920746982097626
0.3737277388572693 -0.6452333331108093 0.5018624067306519
0.37681707739830017 -0.6448354125022888 0.5017224550247192
0.3760618269443512 -0.641697108745575 0.5080224871635437
0.373221218585968 -0.631452739238739 0.5112890601158142
0.3733198940753937 -0.627126157283783 0.5170564651489258
0.37174510955810547 -0.6239263415336609 0.5207567811012268
0.37215688824653625 -0.6196832656860352 0.5240643620491028
0.37273573875427246 -0.6182861328125 0.5281465649604797
0.3750858008861542 -0.612280547618866 0.5335360169410706
0.37515318393707275 -0.6099453568458557 0.538185179233551
0.37526026368141174 -0.6071397066116333 0.539375901222229
0.3724882900714874 -0.6012707352638245 0.5475190281867981
0.37424710392951965 -0.593919575214386 0.551117479801178
0.37686413526535034 -0.5965574979782104 0.5530330538749695
0.3776567280292511 -0.593752920627594 0.5566242337226868
0.37822848558425903 -0.5877603888511658 0.5635343194007874
0.3804069459438324 -0.5868321061134338 0.5672580003738403
0.3808451294898987 -0.5786491632461548 0.57398921251297
0.38004422187805176 -0.5744447708129883 0.5751118659973145
0.3811173141002655 -0.5663909316062927 0.5812504291534424
0.3826126456260681 -0.565137505531311 0.5833448767662048
0.38620448112487793 -0.5561594367027283 0.586281955242157
0.38770735263824463 -0.5497258901596069 0.5918083786964417
0.3898922801017761 -0.5447598695755005 0.5926122069358826
0.39133942127227783 -0.5419512987136841 0.5965397953987122
0.39105767011642456 -0.5372428297996521 0.6010243892669678
0.3930389881134033 -0.5321474075317383 0.6064674258232117
0.39345434308052063 -0.5267965197563171 0.6103814840316772
0.3971366882324219 -0.5247978568077087 0.6129809021949768
0.3977746069431305 -0.5204107165336609 0.6124526262283325
0.40045082569122314 -0.5161077380180359 0.6162207126617432
0.40128812193870544 -0.5134040713310242 0.6198846101760864
0.4026578664779663 -0.5055959224700928 0.6215491890907288
0.4018782079219818 -0.5044321417808533 0.6247882843017578
0.40305763483047485 -0.49758946895599365 0.6261283755302429
0.4017171561717987 -0.4965941309928894 0.6284964084625244
0.40250471234321594 -0.4854246973991394 0.6292812824249268
0.40190431475639343 -0.4816696345806122 0.6319364309310913
0.4025306701660156 -0.4711341857910156 0.6342350244522095
0.40179866552352905 -0.4694053530693054 0.6354153156280518
0.4028611183166504 -0.45986276865005493 0.6364571452140808
0.40321335196495056 -0.45602697134017944 0.6382752656936646
0.40167829394340515 -0.4501245617866516 0.6420441269874573
0.40217164158821106 -0.4459412395954132 0.6404217481613159
0.40313002467155457 -0.44242289662361145 0.641024649143219
0.40491172671318054 -0.4391424357891083 0.6399771571159363
0.40851935744285583 -0.431272029876709 0.6396203637123108
0.4098135828971863 -0.4293535649776459 0.6375787258148193
0.40959516167640686 -0.42248469591140747 0.6393257975578308
0.4105338752269745 -0.41826653480529785 0.6374539136886597
0.4097761809825897 -0.41256311535835266 0.6397570967674255
0.4112635850906372 -0.40948745608329773 0.6377326846122742
0.41051051020622253 -0.40279147028923035 0.6399364471435547
0.41281387209892273 -0.3998663127422333 0.638350784778595
0.4141978919506073 -0.3856126368045807 0.6435651779174805
0.41620898246765137 -0.38273656368255615 0.641957700252533
0.4167529344558716 -0.3697575628757477 0.6477829217910767
0.41772645711898804 -0.3658863306045532 0.6450927257537842
0.41843754053115845 -0.35163700580596924 0.6504751443862915
0.4195331335067749 -0.34829819202423096 0.6475215554237366
0.4199008047580719 -0.3350227177143097 0.6531197428703308
0.4214119017124176 -0.33140766620635986 0.6501514315605164
0.4227435290813446 -0.3179994523525238 0.6554807424545288
0.4248095154762268 -0.31396371126174927 0.6535892486572266
0.4246075451374054 -0.31332892179489136 0.6546519994735718
0.4304082691669464 -0.30043262243270874 0.6531109809875488
0.42807793617248535 -0.2955031394958496 0.657434344291687
0.433523952960968 -0.28182438015937805 0.6556735038757324
0.43761733174324036 -0.275514155626297 0.6562528610229492
0.4383228123188019 -0.2708720862865448 0.6530565619468689
0.44196826219558716 -0.2634772062301636 0.6519100666046143
0.44664129614830017 -0.2589171230792999 0.6472461819648743
0.4473423957824707 -0.25084754824638367 0.6489723920822144
0.4494999945163727 -0.24331896007061005 0.6458965539932251
0.45077216625213623 -0.23559227585792542 0.6475604176521301
0.45797470211982727 -0.23845285177230835 0.6388595700263977
0.4599928855895996 -0.22909396886825562 0.6418734192848206
0.4659564793109894 -0.23441365361213684 0.6358649730682373
0.46706056594848633 -0.22848418354988098 0.6325749754905701
0.4756340980529785 -0.22825206816196442 0.6292531490325928
0.4758634567260742 -0.22108837962150574 0.6257994771003723
0.48197537660598755 -0.2252698689699173 0.6188343167304993
0.48510390520095825 -0.21499747037887573 0.6183865666389465
0.49068543314933777 -0.21943208575248718 0.6117385029792786
0.4942334294319153 -0.2079724669456482 0.6115863919258118
0.5005691051483154 -0.20946520566940308 0.6046125888824463
0.5095153450965881 -0.2037794142961502 0.6076046228408813
0.5150266885757446 -0.199603870511055 0.6070050001144409
0.5117673873901367 -0.18628846108913422 0.6012321710586548
0.5171617269515991 -0.1820681095123291 0.600442111492157
0.5141841769218445 -0.16872470080852509 0.5947801470756531
0.5148442387580872 -0.16397321224212646 0.59530109167099
0.514333188533783 -0.15590590238571167 0.5858803987503052
0.5182335376739502 -0.1438256949186325 0.5885135531425476
0.5183627605438232 -0.13460230827331543 0.5847447514533997
0.5235481262207031 -0.12086431682109833 0.5858041048049927
0.5317032933235168 -0.12168879806995392 0.5782418251037598
0.5306856632232666 -0.11435885727405548 0.5774160623550415
0.5407818555831909 -0.12422575056552887 0.5816775560379028
0.5425042510032654 -0.1129491776227951 0.5834918022155762
0.5593719482421875 -0.12231747061014175 0.5795274376869202
0.5566460490226746 -0.10991665720939636 0.5804172158241272
0.5627560615539551 -0.10639297217130661 0.5724009871482849
0.5627719163894653 -0.09302401542663574 0.5695868730545044
0.564437210559845 -0.09077107161283493 0.567287266254425
0.5622619986534119 -0.0733448937535286 0.5646512508392334
0.562995970249176 -0.06452079862356186 0.5627650618553162
0.5615037083625793 -0.04812364652752876 0.5625143051147461
0.5652627944946289 -0.04174664989113808 0.5627087950706482
0.5613831877708435 -0.028138965368270874 0.5574734807014465
0.5644712448120117 -0.02191203273832798 0.5581330060958862
0.5639297366142273 -0.00504701305180788 0.5540726780891418
0.5654816031455994 -0.002778393216431141 0.5521021485328674
0.5611070990562439 0.011091276071965694 0.5473159551620483
0.5585396885871887 0.016013598069548607 0.5498799085617065
0.5623762607574463 0.030634576454758644 0.5407423973083496
0.5545098185539246 0.0213942751288414 0.5431903600692749
0.5521190166473389 0.04121343791484833 0.5346900820732117
0.5486644506454468 0.04067034646868706 0.5353540778160095
0.5445738434791565 0.05654044449329376 0.5332576632499695
0.5376721024513245 0.06611649692058563 0.5333031415939331
0.5398871898651123 0.07208776473999023 0.5267801284790039
0.5305963158607483 0.08001270145177841 0.5279543995857239
0.5285642147064209 0.08866405487060547 0.5289598107337952
0.5194416046142578 0.09591768682003021 0.5230399370193481
0.5179282426834106 0.1054808646440506 0.5280395150184631
0.5133854150772095 0.11831501871347427 0.5244235992431641
0.5156464576721191 0.11900456994771957 0.519745409488678
0.5106151700019836 0.13169074058532715 0.515887975692749
0.5046646595001221 0.13499197363853455 0.5162985920906067
0.5034629702568054 0.1417551040649414 0.5074604153633118
0.4986896216869354 0.14679868519306183 0.5054992437362671
0.4950260818004608 0.15665754675865173 0.503592312335968
0.48978254199028015 0.16084660589694977 0.5039748549461365
0.4905107319355011 0.16499578952789307 0.49539291858673096
0.48591890931129456 0.17272265255451202 0.49899712204933167
0.48902544379234314 0.17338934540748596 0.490071564912796
0.4829016923904419 0.17562364041805267 0.4911693334579468
0.48534372448921204 0.17957483232021332 0.4823321998119354
0.4817337691783905 0.1861899197101593 0.48672375082969666
0.4788586497306824 0.19086135923862457 0.48776236176490784
0.4747903048992157 0.19588139653205872 0.48640063405036926
0.47833794355392456 0.19690197706222534 0.4797739088535309
0.4751046597957611 0.2075766623020172 0.48188185691833496
0.4742988348007202 0.214300274848938 0.48130398988723755
0.47458815574645996 0.2288588136434555 0.4855279326438904
0.479183554649353 0.2324514240026474 0.47817960381507874
0.47671663761138916 0.24194617569446564 0.48108959197998047
0.47308921813964844 0.24545180797576904 0.4846075177192688
0.4720350205898285 0.2565789520740509 0.48808592557907104
0.4760347008705139 0.25467830896377563 0.4835592806339264
0.47333675622940063 0.2653389275074005 0.4868665933609009
0.47110506892204285 0.2664644122123718 0.4902261197566986
0.4681608974933624 0.274594247341156 0.4926188290119171
0.46957796812057495 0.28487998247146606 0.4986594021320343
0.4667627513408661 0.2918955683708191 0.4976673722267151
0.4666156768798828 0.29973581433296204 0.502680242061615
0.4686363637447357 0.30165979266166687 0.49457958340644836
0.4710230231285095 0.31371790170669556 0.49791595339775085
0.4741656482219696 0.31356579065322876 0.488109827041626
0.47608882188796997 0.3243825435638428 0.4920284152030945
0.4769793152809143 0.3283242881298065 0.4850447475910187
0.47894999384880066 0.3387853503227234 0.490255743265152
0.48599883913993835 0.33657461404800415 0.4833342134952545
0.48361870646476746 0.33832257986068726 0.48398539423942566
0.49305620789527893 0.33556506037712097 0.4807872176170349
0.4956253468990326 0.3448604345321655 0.4857805073261261
0.5010526180267334 0.34604254364967346 0.48687469959259033
0.5004882216453552 0.34966981410980225 0.4911106526851654
0.5081796646118164 0.34860560297966003 0.4889553487300873
0.508414626121521 0.3529874086380005 0.4939839541912079
0.5134446620941162 0.3543621003627777 0.4949183762073517
0.5137714743614197 0.3582189083099365 0.4968714714050293
0.5203024744987488 0.35915806889533997 0.4979030191898346
0.5248528718948364 0.36170443892478943 0.5020963549613953
0.5221949815750122 0.37025192379951477 0.5077773332595825
0.5258097052574158 0.3723750412464142 0.5117244720458984
0.5241622924804688 0.3786039352416992 0.5212681293487549
0.5275137424468994 0.3759278655052185 0.5215563178062439
0.529025137424469 0.38009878993034363 0.5267943143844604
0.5343359708786011 0.38097748160362244 0.5275143980979919
0.5302391052246094 0.38583749532699585 0.5353201627731323
0.5329724550247192 0.381926029920578 0.5351781249046326
0.535228967666626 0.3869752585887909 0.5399900674819946
0.538242757320404 0.38240620493888855 0.5402593016624451
0.5372857451438904 0.3822685480117798 0.5434167981147766
0.5385225415229797 0.38660958409309387 0.5486688613891602
0.5399885773658752 0.3900563716888428 0.5529844164848328
0.5415627360343933 0.3930759131908417 0.5585500597953796
0.5419192314147949 0.3953656256198883 0.5602081418037415
0.5427101254463196 0.39972984790802 0.5640217065811157
0.5455099940299988 0.40563470125198364 0.5663574934005737
0.5497192144393921 0.4064345955848694 0.566233217716217
0.5481247901916504 0.4084310829639435 0.5667850375175476
0.5504680275917053 0.40603500604629517 0.5703873038291931
0.5514752864837646 0.4052152633666992 0.571895182132721
0.5484700202941895 0.4086376130580902 0.5778239369392395
0.5452510118484497 0.4081829786300659 0.5755288600921631
0.5427889823913574 0.41107869148254395 0.5807430744171143
0.5435987114906311 0.41022148728370667 0.5821448564529419
0.5437517762184143 0.4081347584724426 0.5829659700393677
0.5461899638175964 0.4101994037628174 0.5821389555931091
0.5469880104064941 0.4134645462036133 0.5837762951850891
0.5416120290756226 0.4140806794166565 0.5857987403869629
0.5419308543205261 0.4159848392009735 0.5856318473815918
0.545951783657074 0.4134410619735718 0.5848901867866516
0.5441390872001648 0.41312113404273987 0.585324764251709
0.5442175269126892 0.4193538427352905 0.5853841304779053
0.5442439913749695 0.4194647967815399 0.5849335193634033
0.5457586646080017 0.41573968529701233 0.5822596549987793
0.5452278852462769 0.41501688957214355 0.5807386040687561
0.5425416231155396 0.41640299558639526 0.5838989019393921
0.5460867285728455 0.4184975326061249 0.5841190218925476
0.5468704700469971 0.4277673363685608 0.5849608182907104
0.5453857779502869 0.4254728853702545 0.5819017887115479
0.54298335313797 0.4304032623767853 0.5847315192222595
0.5417254567146301 0.42847323417663574 0.5816891193389893
0.5403723120689392 0.4339739978313446 0.5835339426994324
0.5393717885017395 0.430184006690979 0.5814894437789917
0.5371391773223877 0.42973992228507996 0.5800003409385681
0.5378775000572205 0.4292677938938141 0.5763000845909119
0.5395486950874329 0.4359606206417084 0.568985104560852
0.536740243434906 0.4401277005672455 0.5680450201034546
0.5326727628707886 0.4370013475418091 0.5682822465896606
0.5330870151519775 0.4362800717353821 0.5664289593696594
0.5315971970558167 0.4401758909225464 0.5656898021697998
0.5313445329666138 0.4415437877178192 0.5638958215713501
0.531840443611145 0.4514355957508087 0.5559760332107544
0.5294440388679504 0.45360898971557617 0.5572914481163025
0.5312110185623169 0.46589791774749756 0.546703040599823
0.5305312275886536 0.4657103419303894 0.5442470908164978
0.5263675451278687 0.4665820598602295 0.5420227646827698
0.5259696841239929 0.4662686586380005 0.5394167900085449
0.524047315120697 0.47221121191978455 0.5380579829216003
0.5240045785903931 0.4731626510620117 0.5372028350830078
0.5190978050231934 0.4719149172306061 0.5322564244270325
0.5186512470245361 0.48287439346313477 0.5272685289382935
0.5139240622520447 0.48412686586380005 0.5254329442977905
0.5167383551597595 0.49026039242744446 0.5199910402297974
0.5142006874084473 0.4904225766658783 0.5176852345466614
0.5117858052253723 0.4993037283420563 0.5188616514205933
0.5034902095794678 0.49874353408813477 0.513873815536499
0.501928448677063 0.5080928802490234 0.5125536322593689
0.49356314539909363 0.5082008838653564 0.5138505697250366
0.48996999859809875 0.5081929564476013 0.5127686262130737
0.4833020865917206 0.5134427547454834 0.5131791234016418
0.48163551092147827 0.5167843103408813 0.5137706398963928
0.4794875681400299 0.5165734887123108 0.5086315870285034
0.47298407554626465 0.5134767889976501 0.5068931579589844
0.46663036942481995 0.517360270023346 0.5091869831085205
0.45997145771980286 0.5138018131256104 0.5110887289047241
0.4556981921195984 0.5174015164375305 0.5121273398399353
0.4485775828361511 0.5163542628288269 0.512405276298523
0.4472752511501312 0.51799476146698 0.5105442404747009
0.4420160949230194 0.5210657715797424 0.5117223262786865
0.4384324848651886 0.5186595320701599 0.5111355781555176
0.42929062247276306 0.5175612568855286 0.5082420110702515
0.4243045449256897 0.5177472233772278 0.5114811658859253
0.41669097542762756 0.5136927962303162 0.5085230469703674
0.4086732864379883 0.5154451131820679 0.5127233266830444
0.4040282964706421 0.5140161514282227 0.5118006467819214
0.39858147501945496 0.5116761326789856 0.5126142501831055
0.390262246131897 0.5155919194221497 0.5141645073890686
0.38083407282829285 0.5095539689064026 0.5152608156204224
0.3750349283218384 0.5167329907417297 0.5150786638259888
0.36890143156051636 0.5193599462509155 0.514898419380188
0.3614196479320526 0.5198461413383484 0.5167707800865173
0.35143280029296875 0.5157268643379211 0.5170501470565796
0.3430905342102051 0.5178195238113403 0.5190060138702393
0.33344414830207825 0.5124068856239319 0.519586980342865
0.32687652111053467 0.5113123655319214 0.5206764340400696
0.31925541162490845 0.5099347829818726 0.5206915140151978
0.3130198121070862 0.5073050260543823 0.5208247900009155
0.3039027750492096 0.5069577693939209 0.520256519317627
0.2972027361392975 0.5067195296287537 0.5205286741256714
0.28769445419311523 0.5056203007698059 0.5195206999778748
0.27898913621902466 0.5055615901947021 0.5213627815246582
0.2723149061203003 0.5039681196212769 0.5200455188751221
0.2620362937450409 0.5012662410736084 0.5248149037361145
0.25437110662460327 0.5009697675704956 0.5235490202903748
0.24609102308750153 0.5010384917259216 0.5273398160934448
0.23719149827957153 0.4982987344264984 0.5251300930976868
0.23039209842681885 0.49905160069465637 0.5280017852783203
0.22149647772312164 0.49635109305381775 0.525232195854187
0.21081681549549103 0.49672627449035645 0.5227000713348389
0.20303253829479218 0.49425068497657776 0.5219817161560059
0.19561663269996643 0.499447762966156 0.5195827484130859
0.18779431283473969 0.4980071187019348 0.5183129906654358
0.17959152162075043 0.4968568980693817 0.5161716341972351
0.17492976784706116 0.501882791519165 0.5131956338882446
0.16525070369243622 0.4990865886211395 0.5107975602149963
0.15948304533958435 0.4987087547779083 0.5095436573028564
0.15154437720775604 0.49728575348854065 0.5089988112449646
0.14546002447605133 0.4980044960975647 0.50765460729599
0.1352142095565796 0.4954844117164612 0.5054885745048523
0.12822967767715454 0.49656862020492554 0.5051515102386475
0.11772006005048752 0.4944511353969574 0.5027022361755371
0.11114612221717834 0.4947773218154907 0.4992319643497467
0.10036170482635498 0.49266162514686584 0.4968965947628021
0.09452538937330246 0.4948769509792328 0.4951010048389435
0.08651259541511536 0.4935303032398224 0.492300420999527
0.0790264904499054 0.4958522319793701 0.4903191030025482
0.07103979587554932 0.4941631555557251 0.48812100291252136
0.06341729313135147 0.49756649136543274 0.4850158095359802
0.054180849343538284 0.49724385142326355 0.4837898910045624
0.046370282769203186 0.5025882124900818 0.4800587296485901
0.038174182176589966 0.5010972619056702 0.4794729948043823
0.03085918352007866 0.5041391849517822 0.4774684011936188
0.022124849259853363 0.5041399598121643 0.4753425121307373
0.013463078066706657 0.5056261420249939 0.4713117480278015
0.005777304992079735 0.5031906962394714 0.46966806054115295
-0.0030019974801689386 0.5037606358528137 0.46913179755210876
-0.00940102431923151 0.5018109083175659 0.46709945797920227
-0.017489425837993622 0.5049827098846436 0.4684847295284271
-0.022588543593883514 0.5087456107139587 0.4647538661956787
-0.031619634479284286 0.5096839070320129 0.4661031663417816
-0.03831256181001663 0.5103620886802673 0.4666203260421753
-0.04948297515511513 0.5083703994750977 0.46494415402412415
-0.053236763924360275 0.5137878060340881 0.4604780972003937
-0.06189953163266182 0.5104563236236572 0.45811134576797485
-0.05840813368558884 0.516215980052948 0.4567405581474304
-0.07722605019807816 0.5158416032791138 0.4560146927833557
-0.0846661776304245 0.5165910124778748 0.4577706754207611
-0.09313733875751495 0.5169948935508728 0.45552921295166016
-0.09028823673725128 0.522017776966095 0.45215028524398804
-0.10891755670309067 0.521384060382843 0.45161446928977966
-0.11611825972795486 0.5214863419532776 0.4524250328540802
-0.11989357322454453 0.5198847651481628 0.4503123462200165
-0.12876366078853607 0.5214570760726929 0.4511711001396179
-0.13405638933181763 0.5274326205253601 0.44780856370925903
-0.14106762409210205 0.5281960964202881 0.4500185251235962
-0.14504727721214294 0.5337105989456177 0.4461493194103241
-0.1530955731868744 0.5322076082229614 0.44608137011528015
-0.15920205414295197 0.5340670347213745 0.4407167434692383
-0.16776803135871887 0.534797191619873 0.4410959780216217
-0.17635557055473328 0.5354465842247009 0.4422381818294525
-0.17209210991859436 0.5319194197654724 0.43999797105789185
-0.18737401068210602 0.5354102849960327 0.43626171350479126
-0.1886741667985916 0.5359362363815308 0.43268364667892456
-0.1865677684545517 0.5329892635345459 0.4321107268333435
-0.19174723327159882 0.5362704992294312 0.43020349740982056
-0.19969119131565094 0.5375398397445679 0.43200069665908813
-0.20624156296253204 0.5360220670700073 0.43040528893470764
-0.21297259628772736 0.5356175303459167 0.43341001868247986
-0.2187897115945816 0.5372366309165955 0.4305565655231476
-0.23389297723770142 0.5357746481895447 0.43156591057777405
-0.24056586623191833 0.534791886806488 0.4310818314552307
-0.242605522274971 0.5286053419113159 0.43281787633895874
-0.2394329458475113 0.5315300226211548 0.42888760566711426
-0.24598819017410278 0.5307279825210571 0.43467119336128235
-0.24411115050315857 0.5312345027923584 0.4337253272533417
-0.2525445222854614 0.5298146605491638 0.4338114261627197
-0.2579651474952698 0.530784547328949 0.4359365403652191
-0.2690710127353668 0.5337434411048889 0.43578076362609863
-0.27011337876319885 0.5393427014350891 0.4382341504096985
-0.27842098474502563 0.5427718162536621 0.43806636333465576
-0.2857478857040405 0.5477452874183655 0.44220373034477234
-0.2891225516796112 0.5517162680625916 0.4407062530517578
-0.29613834619522095 0.5545444488525391 0.444576621055603
-0.29893985390663147 0.5586029291152954 0.44265061616897583
-0.30569109320640564 0.5586981177330017 0.4438785910606384
-0.30830034613609314 0.5645290613174438 0.4407753646373749
-0.31599608063697815 0.5629253387451172 0.4412585496902466
-0.31808528304100037 0.5680878162384033 0.4375998079776764
-0.3229101002216339 0.5665265321731567 0.4379430413246155
-0.325484961271286 0.5712535977363586 0.4387880265712738
-0.3321782648563385 0.5717639923095703 0.43993714451789856
-0.33485111594200134 0.5751402378082275 0.4368794560432434
-0.33943113684654236 0.5737141370773315 0.437170147895813
-0.34117335081100464 0.5791167616844177 0.4383404850959778
-0.34428539872169495 0.582550585269928 0.4351426064968109
-0.35099005699157715 0.5782312750816345 0.4355919659137726
-0.3525555729866028 0.5828854441642761 0.4336528778076172
-0.35537341237068176 0.5811046957969666 0.4372185170650482
-0.353374183177948 0.5874632000923157 0.4380188286304474
-0.3577994108200073 0.5826764702796936 0.43913203477859497
-0.35698461532592773 0.5868204832077026 0.4412975609302521
-0.36004653573036194 0.5817965269088745 0.4421619474887848
-0.35915106534957886 0.5864718556404114 0.4444272518157959
-0.3633004426956177 0.5813170671463013 0.44492626190185547
-0.36439022421836853 0.582843542098999 0.4490358829498291
-0.3682975471019745 0.578388512134552 0.44964221119880676
-0.3663358688354492 0.5821124911308289 0.4515986442565918
-0.3679690659046173 0.5756348967552185 0.453306645154953
-0.36769136786460876 0.5794089436531067 0.4554483890533447
-0.3707471489906311 0.5759727358818054 0.4561460018157959
-0.3709385395050049 0.5764285922050476 0.45808616280555725
-0.37234997749328613 0.5736055374145508 0.4569748044013977
-0.3722693920135498 0.5731993913650513 0.45981210470199585
-0.37376031279563904 0.5695891976356506 0.4586051404476166
-0.37287643551826477 0.5711296200752258 0.46108052134513855
-0.3728771507740021 0.5663732290267944 0.45769721269607544
-0.37178030610084534 0.5687492489814758 0.4598609507083893
-0.37000879645347595 0.562423825263977 0.45759323239326477
-0.37223437428474426 0.5610764622688293 0.4560970366001129
-0.37308964133262634 0.5572013854980469 0.4534108340740204
-0.3734017610549927 0.5578470230102539 0.4555763602256775
-0.3723708987236023 0.5521872639656067 0.4533129632472992
-0.3759193420410156 0.5477235317230225 0.45380064845085144
-0.3763445019721985 0.543208658695221 0.4512958824634552
-0.378065824508667 0.5418976545333862 0.44924259185791016
-0.375774621963501 0.5437416434288025 0.44914162158966064
-0.3789529800415039 0.5381498336791992 0.45010247826576233
-0.37864574790000916 0.5385957360267639 0.45164182782173157
-0.3791041076183319 0.5337511897087097 0.4506995975971222
-0.3785064220428467 0.5345293879508972 0.45526322722435
-0.3781386911869049 0.5294584631919861 0.45390963554382324
-0.3783684968948364 0.5275740027427673 0.4564390480518341
-0.37968263030052185 0.5248775482177734 0.45692089200019836
-0.3827393054962158 0.5215133428573608 0.45562613010406494
-0.3827650547027588 0.5167295336723328 0.4548397660255432
-0.38240182399749756 0.514433741569519 0.45848631858825684
-0.38304638862609863 0.5100809335708618 0.4574085474014282
-0.3834168016910553 0.5062401294708252 0.4615042209625244
-0.38417014479637146 0.50542151927948 0.4596911072731018
-0.3848115801811218 0.5036227703094482 0.46392807364463806
-0.3801972270011902 0.5035116672515869 0.46520450711250305
-0.38443151116371155 0.4985286593437195 0.46558767557144165
-0.38054004311561584 0.49549874663352966 0.46782273054122925
-0.383144736289978 0.48749005794525146 0.46721795201301575
-0.381750226020813 0.4906339943408966 0.46939414739608765
-0.3829275369644165 0.4869762659072876 0.4697118103504181
-0.38196760416030884 0.4879452586174011 0.47483140230178833
-0.3844985067844391 0.48431894183158875 0.4749940037727356
-0.38192763924598694 0.4897528886795044 0.47794675827026367
-0.382705420255661 0.4841594994068146 0.47651657462120056
-0.3827818036079407 0.48197826743125916 0.47865960001945496
-0.3837667405605316 0.4789161682128906 0.4781697392463684
-0.38611486554145813 0.4753120243549347 0.4815753400325775
-0.3845192790031433 0.47138625383377075 0.47943517565727234
-0.38805249333381653 0.4688672423362732 0.4824417233467102
-0.3873613178730011 0.4652725160121918 0.4798668920993805
-0.3901093900203705 0.461587518453598 0.4830542802810669
-0.39094433188438416 0.4617377519607544 0.4796827435493469
-0.3914945423603058 0.46442902088165283 0.4835924208164215
-0.39048057794570923 0.4618074595928192 0.479574978351593
-0.3931143283843994 0.4592844843864441 0.4793287217617035
-0.3910922408103943 0.4622952938079834 0.4796017110347748
-0.39614880084991455 0.45279431343078613 0.4777053892612457
-0.3978174030780792 0.451732873916626 0.47513285279273987
-0.4033317565917969 0.44142863154411316 0.47387611865997314
-0.40175774693489075 0.44404280185699463 0.4748857915401459
-0.40647247433662415 0.4310815930366516 0.47338438034057617
-0.4045533537864685 0.4348594546318054 0.4746454656124115
-0.4088982045650482 0.42278948426246643 0.47293612360954285
-0.40607649087905884 0.42758622765541077 0.47557851672172546
-0.40519118309020996 0.42419347167015076 0.4755849838256836
-0.40303030610084534 0.42712974548339844 0.4805664122104645
-0.40235814452171326 0.42262768745422363 0.4817976951599121
-0.4047554135322571 0.42164483666419983 0.4816412031650543
-0.40369659662246704 0.4162267744541168 0.48284488916397095
-0.40443968772888184 0.4164735972881317 0.4820290207862854
-0.4026029407978058 0.41089069843292236 0.4835946261882782
-0.3932901620864868 0.41789260506629944 0.49066534638404846
-0.3954417407512665 0.41214051842689514 0.491294801235199
-0.3886660933494568 0.41446614265441895 0.4946887195110321
-0.38551056385040283 0.41456207633018494 0.49981144070625305
-0.3793353736400604 0.41546356678009033 0.5023396015167236
-0.37776073813438416 0.4164542853832245 0.504902184009552
-0.3732033371925354 0.4079434871673584 0.5068992972373962
-0.37227657437324524 0.4090399146080017 0.510324239730835
-0.3655746281147003 0.4086771011352539 0.513151228427887
-0.36517542600631714 0.40969350934028625 0.5161758065223694
-0.35974740982055664 0.41036251187324524 0.5186432600021362
-0.35908833146095276 0.4118978679180145 0.5204743146896362
-0.35306599736213684 0.40962228178977966 0.5222171545028687
-0.35044652223587036 0.4159248173236847 0.5240695476531982
-0.3479423522949219 0.40912142395973206 0.524746835231781
-0.34500133991241455 0.41569486260414124 0.5289552807807922
-0.3429426848888397 0.4093543589115143 0.5290500521659851
-0.34200018644332886 0.4107292890548706 0.5333675146102905
-0.3396390378475189 0.4028037190437317 0.5346230268478394
-0.33710479736328125 0.40412747859954834 0.5380013585090637
-0.33374908566474915 0.39902931451797485 0.5367479920387268
-0.3311121165752411 0.40037259459495544 0.540073573589325
-0.3282640874385834 0.39344459772109985 0.5395055413246155
-0.3274455964565277 0.38753119111061096 0.5393185019493103
-0.3315862715244293 0.38118910789489746 0.5405176877975464
-0.329022616147995 0.37593844532966614 0.5416138768196106
-0.33097922801971436 0.36907875537872314 0.5401648879051208
-0.3261767029762268 0.36599230766296387 0.5436643958091736
-0.32616186141967773 0.35882410407066345 0.5427052974700928
-0.3242138922214508 0.3546334207057953 0.5426883101463318
-0.32201844453811646 0.35438641905784607 0.5442467331886292
-0.31921643018722534 0.3486241400241852 0.5449129939079285
-0.3215503692626953 0.3430072069168091 0.5482363104820251
-0.32208582758903503 0.33835339546203613 0.5477393865585327
-0.3224583566188812 0.3345128297805786 0.5506184101104736
-0.3235771059989929 0.32810652256011963 0.5497069954872131
-0.3248572051525116 0.3234662711620331 0.5502009391784668
-0.3269311785697937 0.31877419352531433 0.5513085722923279
-0.32803505659103394 0.31347376108169556 0.5529802441596985
-0.3323185443878174 0.3085818886756897 0.5533353686332703
-0.3342728316783905 0.3033275902271271 0.5514134168624878
-0.3384791314601898 0.29507556557655334 0.5523268580436707
-0.33757519721984863 0.2923625707626343 0.5519655346870422
-0.34306198358535767 0.28566688299179077 0.5528753995895386
-0.34487682580947876 0.27939900755882263 0.5498640537261963
-0.3485907316207886 0.27246329188346863 0.550636351108551
-0.3505735397338867 0.2644782066345215 0.5478310585021973
-0.35221362113952637 0.2568228244781494 0.5454007387161255
-0.35456252098083496 0.2467365562915802 0.5440940856933594
-0.3579384386539459 0.23791903257369995 0.54188072681427
-0.3628970682621002 0.2309843897819519 0.542987585067749
-0.3659038245677948 0.22197632491588593 0.5409939885139465
-0.37054476141929626 0.21391503512859344 0.5417748093605042
-0.37258368730545044 0.2055831104516983 0.5416547060012817
-0.37448567152023315 0.19427461922168732 0.540511965751648
-0.3769577741622925 0.1846839189529419 0.5401444435119629
-0.38006481528282166 0.175033837556839 0.5406168103218079
-0.38267678022384644 0.16559578478336334 0.5397448539733887
-0.38713014125823975 0.15658597648143768 0.5411227941513062
-0.38957759737968445 0.14688077569007874 0.5394153594970703
-0.39372125267982483 0.13798855245113373 0.5401110053062439
-0.39731088280677795 0.12694613635540009 0.5387442708015442
-0.40191763639450073 0.11821795254945755 0.5385119318962097
-0.40633007884025574 0.10525964200496674 0.5359621047973633
-0.4110049605369568 0.09484504163265228 0.536489725112915
-0.4142553210258484 0.08307802677154541 0.5367029905319214
-0.41770562529563904 0.07092168927192688 0.5356116890907288
-0.4256543815135956 0.06382258236408234 0.5308432579040527
-0.4302503764629364 0.054419972002506256 0.530834436416626
-0.4331967532634735 0.04165929555892944 0.5312502384185791
-0.4366365373134613 0.033759720623493195 0.5308272838592529
-0.43960416316986084 0.020609626546502113 0.5311340689659119
-0.44209879636764526 0.01132608950138092 0.5285383462905884
-0.44436585903167725 -0.002750781364738941 0.5291744470596313
-0.4490680694580078 -0.013603083789348602 0.5299407243728638
-0.4528995752334595 -0.02802121266722679 0.5303685069084167
-0.4550388753414154 -0.03702181205153465 0.530633807182312
-0.4600125253200531 -0.05375658720731735 0.5292514562606812
-0.46260306239128113 -0.061046380549669266 0.528851330280304
-0.4792798161506653 -0.06359099596738815 0.5152579545974731
-0.4825012683868408 -0.07478336244821548 0.512412428855896
-0.4973084628582001 -0.07474282383918762 0.4996662735939026
-0.5010570883750916 -0.08732740581035614 0.4999261200428009
-0.5041307210922241 -0.09851495176553726 0.49936509132385254
-0.5102960467338562 -0.11194268614053726 0.49657711386680603
-0.513087272644043 -0.12321292608976364 0.49599340558052063
-0.5284412503242493 -0.1256231814622879 0.4846884310245514
-0.5326629877090454 -0.13335829973220825 0.4861796796321869
-0.5492281913757324 -0.13831286132335663 0.47350141406059265
-0.5530313849449158 -0.14753836393356323 0.4742945730686188
-0.5677102208137512 -0.1493137627840042 0.4634424149990082
-0.5704507231712341 -0.16142739355564117 0.46263736486434937
-0.5807815194129944 -0.15405166149139404 0.4531123638153076
-0.5867046117782593 -0.1743001490831375 0.44985541701316833
-0.5966801047325134 -0.16581247746944427 0.44066140055656433
-0.604091465473175 -0.18223682045936584 0.4385133683681488
-0.6207079291343689 -0.18409907817840576 0.4260633885860443
-0.6229630708694458 -0.19470158219337463 0.4255915880203247
-0.6361928582191467 -0.19335390627384186 0.416606068611145
-0.6391083002090454 -0.202889084815979 0.41626623272895813
-0.6527739763259888 -0.20073650777339935 0.4067145884037018
-0.6539046168327332 -0.21000736951828003 0.4065037667751312
-0.6570529341697693 -0.21561715006828308 0.40805837512016296
-0.657051146030426 -0.2250058352947235 0.4070725440979004
-0.671753466129303 -0.22621096670627594 0.39524582028388977
-0.6687123775482178 -0.23512057960033417 0.3931482434272766
-0.672600269317627 -0.24520888924598694 0.39193060994148254
-0.6686685085296631 -0.24752411246299744 0.3905349671840668
-0.6825051307678223 -0.2570306956768036 0.37929514050483704
-0.6814450025558472 -0.26149630546569824 0.38347432017326355
-0.691405713558197 -0.25906190276145935 0.3752193748950958
-0.693408727645874 -0.26903867721557617 0.3771720826625824
-0.6928508877754211 -0.2760477066040039 0.37547391653060913
-0.6968996524810791 -0.27910077571868896 0.3762270212173462
-0.694313645362854 -0.28737854957580566 0.3751603662967682
-0.6995041370391846 -0.29314523935317993 0.3714490234851837
-0.6958540081977844 -0.3043690025806427 0.36792057752609253
-0.7019222378730774 -0.30446600914001465 0.3654882609844208
-0.699660062789917 -0.31152620911598206 0.3651403784751892
-0.7061452865600586 -0.31259477138519287 0.3629727363586426
-0.7017244100570679 -0.31950923800468445 0.3613260090351105
-0.7072605490684509 -0.3186763823032379 0.3595476448535919
-0.7058625221252441 -0.3253062963485718 0.35816285014152527
-0.7075135707855225 -0.3279525637626648 0.3607896566390991
-0.7026780247688293 -0.33132508397102356 0.3614735007286072
-0.6997647881507874 -0.333120197057724 0.36599457263946533
-0.6943695545196533 -0.3444879651069641 0.3626023232936859
-0.696128785610199 -0.3449585735797882 0.3627490997314453
-0.6886285543441772 -0.3600046932697296 0.35572412610054016
-0.6840962171554565 -0.3605211079120636 0.3616788387298584
-0.6718168258666992 -0.3733912706375122 0.36343276500701904
-0.6733914613723755 -0.37320780754089355 0.3631475865840912
-0.6650314331054688 -0.37936168909072876 0.36448800563812256
-0.6652160286903381 -0.38241878151893616 0.36315852403640747
-0.6569045186042786 -0.3886620104312897 0.3633675277233124
-0.654237687587738 -0.3929091691970825 0.3654481768608093
-0.6484895944595337 -0.3936507999897003 0.3720306158065796
-0.6455956697463989 -0.3969838619232178 0.3744245171546936
-0.6397280097007751 -0.3959553837776184 0.3813066780567169
-0.6380917429924011 -0.3930378258228302 0.388223797082901
-0.631436824798584 -0.3923015892505646 0.39421969652175903
-0.6269826292991638 -0.3944934904575348 0.39776358008384705
-0.6221493482589722 -0.3961431682109833 0.4051961302757263
-0.6210267543792725 -0.3920615613460541 0.41251909732818604
-0.6182358264923096 -0.396964430809021 0.4158727824687958
-0.617292046546936 -0.3929238021373749 0.42231085896492004
-0.6109314560890198 -0.3907504975795746 0.42672210931777954
-0.6123459935188293 -0.3873642086982727 0.429139643907547
-0.6055623888969421 -0.38683047890663147 0.43611687421798706
-0.6046285629272461 -0.38782912492752075 0.44285446405410767
-0.597923219203949 -0.38795483112335205 0.4505273401737213
-0.5970842838287354 -0.38949108123779297 0.4549639821052551
-0.5916857123374939 -0.38833990693092346 0.4627833962440491
-0.5943399667739868 -0.3892766833305359 0.4725821316242218
-0.5873576402664185 -0.38688623905181885 0.4791840612888336
-0.5888683795928955 -0.38978642225265503 0.4873291552066803
-0.5823546648025513 -0.3884638845920563 0.4936780035495758
-0.5825780630111694 -0.3915209174156189 0.5005054473876953
-0.5759068727493286 -0.3893032968044281 0.5064011216163635
-0.5723673105239868 -0.39179643988609314 0.51419997215271
-0.5690139532089233 -0.3939955234527588 0.5183265805244446
-0.5641897916793823 -0.39035171270370483 0.5259146690368652
-0.5607892870903015 -0.3921746611595154 0.5286096930503845
-0.5582292079925537 -0.39150187373161316 0.5327438116073608
-0.5521679520606995 -0.38900938630104065 0.5376220345497131
-0.5492124557495117 -0.3882136940956116 0.5417841672897339
-0.5417241454124451 -0.3861319124698639 0.547627866268158
-0.537120521068573 -0.38383007049560547 0.5504602193832397
-0.5322193503379822 -0.37849390506744385 0.5541516542434692
-0.5275006890296936 -0.37618133425712585 0.5568704605102539
-0.5221157073974609 -0.3732914328575134 0.5605154037475586
-0.5145904421806335 -0.3700180649757385 0.5642877221107483
-0.5109831094741821 -0.3706854581832886 0.5658597946166992
-0.5010747313499451 -0.37119734287261963 0.5643273591995239
-0.4995146691799164 -0.3696129024028778 0.5651231408119202
-0.4909476041793823 -0.3702903091907501 0.5657186508178711
-0.4879687428474426 -0.37043297290802 0.566181480884552
-0.4820209741592407 -0.36707985401153564 0.5699257850646973
-0.47572827339172363 -0.3732207417488098 0.5669700503349304
-0.46874722838401794 -0.36921361088752747 0.570493221282959
-0.46352365612983704 -0.3721052408218384 0.568210244178772
-0.45623472332954407 -0.36755260825157166 0.570751428604126
-0.44928255677223206 -0.3727129101753235 0.568052351474762
-0.44250309467315674 -0.3701951503753662 0.5706400275230408
-0.43457266688346863 -0.3743554651737213 0.565963864326477
-0.4288279712200165 -0.36947768926620483 0.5672835111618042
-0.4217756390571594 -0.37236350774765015 0.5624192357063293
-0.4148269593715668 -0.36942294239997864 0.5645726919174194
-0.40735411643981934 -0.3665226399898529 0.5633889436721802
-0.40279829502105713 -0.3677462935447693 0.5635923743247986
-0.3936527967453003 -0.36522212624549866 0.5599679350852966
-0.3901600241661072 -0.3644094467163086 0.5597703456878662
-0.38490960001945496 -0.3642326295375824 0.5570707321166992
-0.38282591104507446 -0.3623008131980896 0.5558103919029236
-0.3763105273246765 -0.35982945561408997 0.5555657148361206
-0.37140071392059326 -0.35891926288604736 0.5555903315544128
-0.3632917106151581 -0.35150548815727234 0.5524445176124573
-0.35719016194343567 -0.3525564968585968 0.5511005520820618
-0.34977537393569946 -0.34613126516342163 0.5491256713867188
-0.34538739919662476 -0.34489578008651733 0.5461404323577881
-0.3371850252151489 -0.3367803990840912 0.5415713787078857
-0.33737432956695557 -0.3308056890964508 0.5331680774688721
-0.3310648798942566 -0.32701146602630615 0.5342757701873779
-0.3274771571159363 -0.3244166076183319 0.5317882299423218
-0.32319507002830505 -0.3222893178462982 0.5360173583030701
-0.3192025423049927 -0.3200356364250183 0.5344659090042114
-0.31766173243522644 -0.3021392822265625 0.5204814076423645
-0.3132877051830292 -0.30077481269836426 0.5177502632141113
-0.3108028769493103 -0.2901120185852051 0.5138857364654541
-0.30568617582321167 -0.28836050629615784 0.511367917060852
-0.30010250210762024 -0.2829778790473938 0.5067415237426758
-0.29655560851097107 -0.2802810072898865 0.5046930313110352
-0.29060178995132446 -0.2731126546859741 0.506348192691803
-0.2865072190761566 -0.2691350281238556 0.5055039525032043
-0.2793150246143341 -0.2638300359249115 0.5083274841308594
-0.27710211277008057 -0.26780787110328674 0.5133720636367798
-0.2776291072368622 -0.2529774308204651 0.5071781277656555
-0.2727092504501343 -0.2519814372062683 0.5045634508132935
-0.27407076954841614 -0.24215994775295258 0.49617400765419006
-0.2665698230266571 -0.2378499060869217 0.494533509016037
-0.2629476487636566 -0.23363476991653442 0.4937756359577179
-0.25620537996292114 -0.2333751618862152 0.4896888732910156
-0.26349541544914246 -0.21682631969451904 0.47424960136413574
-0.25735560059547424 -0.21675342321395874 0.4704020619392395
-0.2603253424167633 -0.20509296655654907 0.460412859916687
-0.2536313831806183 -0.21088828146457672 0.4668448865413666
-0.25220587849617004 -0.2040524184703827 0.4625018537044525
-0.2414119839668274 -0.2029036283493042 0.4584496319293976
-0.23706574738025665 -0.19976353645324707 0.4500338137149811
-0.23706363141536713 -0.19709832966327667 0.46049928665161133
-0.23313592374324799 -0.19209164381027222 0.46084240078926086
-0.23550334572792053 -0.1849420815706253 0.46740269660949707
-0.23268195986747742 -0.17679373919963837 0.47011128067970276
-0.2385619580745697 -0.16613136231899261 0.4710226356983185
-0.23438380658626556 -0.15911346673965454 0.4737500250339508
-0.2344493716955185 -0.1621050387620926 0.4829806089401245
-0.2261870950460434 -0.17604856193065643 0.4811790883541107
-0.22351059317588806 -0.17119324207305908 0.47998112440109253
-0.2199683040380478 -0.1743994802236557 0.4858946204185486
-0.21706797182559967 -0.16137802600860596 0.4849654734134674
-0.21107399463653564 -0.15624606609344482 0.48571497201919556
-0.206381693482399 -0.16369445621967316 0.49959778785705566
-0.20353218913078308 -0.15693871676921844 0.5028923153877258
-0.20453514158725739 -0.15831822156906128 0.510401725769043
-0.20250822603702545 -0.15860611200332642 0.5175849795341492
-0.19777119159698486 -0.15564969182014465 0.5191496014595032
-0.19530677795410156 -0.15893134474754333 0.5247104167938232
-0.1875041276216507 -0.15008699893951416 0.5300828814506531
-0.1856692135334015 -0.15099379420280457 0.5376605987548828
-0.17468979954719543 -0.14649875462055206 0.5472649931907654
-0.17297430336475372 -0.14728890359401703 0.5545264482498169
-0.16529221832752228 -0.1482761949300766 0.5606027245521545
-0.1617126762866974 -0.15210624039173126 0.5649027228355408
-0.15389324724674225 -0.15338602662086487 0.5714375376701355
-0.1462763249874115 -0.14410048723220825 0.576050877571106
-0.13839010894298553 -0.1454675793647766 0.582270622253418
-0.13387922942638397 -0.14080671966075897 0.5921511054039001
-0.1280655860900879 -0.14146405458450317 0.5896780490875244
-0.12360530346632004 -0.13791249692440033 0.5983397364616394
-0.11719781160354614 -0.13854768872261047 0.5954746603965759
-0.11265916377305984 -0.13491593301296234 0.6031873822212219
-0.10932242125272751 -0.12946894764900208 0.6056014895439148
-0.10494177043437958 -0.13487380743026733 0.614841639995575
-0.10182375460863113 -0.13012129068374634 0.6174235939979553
-0.09427620470523834 -0.13096065819263458 0.629403829574585
-0.09203081578016281 -0.12343995273113251 0.6338492631912231
-0.08938468992710114 -0.12078967690467834 0.6334585547447205
-0.09049813449382782 -0.11740225553512573 0.6426659822463989
-0.08584266901016235 -0.10871940851211548 0.6436359286308289
-0.08630078285932541 -0.10492117702960968 0.651013195514679
-0.0827186182141304 -0.1027115136384964 0.6504129767417908
-0.07916818559169769 -0.09012129157781601 0.6571170091629028
-0.07124631851911545 -0.09333440661430359 0.6605316400527954
-0.07016263157129288 -0.0861622765660286 0.6705591082572937
-0.06353393942117691 -0.08810529112815857 0.6731411218643188
-0.06008419767022133 -0.08488917350769043 0.6790863275527954
-0.05423448979854584 -0.08655103296041489 0.6809472441673279
-0.05039341002702713 -0.08616166561841965 0.6837475299835205
-0.03783611208200455 -0.09797307103872299 0.677886426448822
-0.03475363180041313 -0.09624622017145157 0.6814706921577454
-0.02369394153356552 -0.10521136224269867 0.6780537366867065
-0.02278282679617405 -0.10745388269424438 0.6794130206108093
-0.01622983068227768 -0.11125834286212921 0.6815272569656372
-0.012801691889762878 -0.11589597910642624 0.6842750310897827
-0.0029120780527591705 -0.12644460797309875 0.6720624566078186
0.003391293343156576 -0.12764641642570496 0.6778799891471863
0.008679759688675404 -0.12829676270484924 0.671813428401947
0.01326637715101242 -0.12343199551105499 0.6702128648757935
0.01623370498418808 -0.12047746032476425 0.6674612164497375
0.020790312439203262 -0.11809270828962326 0.6689679026603699
0.021182341501116753 -0.11682018637657166 0.6684292554855347
0.027348928153514862 -0.1157248243689537 0.6681053638458252
0.030392974615097046 -0.11382456868886948 0.6626935601234436
0.035483188927173615 -0.11200615018606186 0.6601654291152954
0.035856395959854126 -0.11137252300977707 0.6586427688598633
0.04076607525348663 -0.10958492755889893 0.6563621759414673
0.04242706671357155 -0.10694456845521927 0.6506096720695496
0.045119062066078186 -0.1089198961853981 0.6450768709182739
0.04655249044299126 -0.10596372187137604 0.6429551243782043
0.04860258474946022 -0.10699301958084106 0.6367653012275696
0.05040925741195679 -0.10450650006532669 0.6362103223800659
0.051814254373311996 -0.10546998679637909 0.6292518377304077
0.050846368074417114 -0.10616233944892883 0.6268116235733032
0.051374953240156174 -0.10567686706781387 0.6196939945220947
0.05479322001338005 -0.09971761703491211 0.6170563101768494
0.0554039366543293 -0.09926731884479523 0.608167290687561
0.056370049715042114 -0.09775282442569733 0.6045841574668884
0.05739118903875351 -0.09498281031847 0.5972892045974731
0.057851456105709076 -0.09404266625642776 0.5942391753196716
0.056975871324539185 -0.08920606225728989 0.5873557925224304
0.05756288394331932 -0.08754574507474899 0.5831469893455505
0.0562746599316597 -0.08259546011686325 0.5752581357955933
0.054945603013038635 -0.08416908979415894 0.5682762265205383
0.053808797150850296 -0.08005711436271667 0.5595746636390686
0.05487567186355591 -0.07890362292528152 0.5567928552627563
0.055662207305431366 -0.07732714712619781 0.5474112629890442
0.05718294158577919 -0.07392298430204391 0.545161783695221
0.0529288575053215 -0.07124967128038406 0.5435625910758972
0.05510334670543671 -0.06717196851968765 0.5371407270431519
0.05161173269152641 -0.06738898903131485 0.5323785543441772
0.05324544757604599 -0.06170560047030449 0.5258059501647949
0.056145064532756805 -0.054290466010570526 0.5182760953903198
0.05705253779888153 -0.05286218971014023 0.509290874004364
0.05603377893567085 -0.0444711409509182 0.5092723369598389
0.0561753548681736 -0.04205409064888954 0.499748170375824
0.05116903781890869 -0.03996866196393967 0.4967412054538727
0.05062786117196083 -0.039206746965646744 0.4959201216697693
0.0495593398809433 -0.034258097410202026 0.48379868268966675
0.04944710060954094 -0.03304150328040123 0.47495943307876587
0.048110462725162506 -0.03174160420894623 0.4727237820625305
0.05589962750673294 -0.039959151297807693 0.4664015769958496
0.05307922884821892 -0.03950685262680054 0.45959949493408203
0.0573326013982296 -0.0448136180639267 0.45734432339668274
0.05640672892332077 -0.03949557989835739 0.4515312910079956
0.06013016402721405 -0.043599683791399 0.44980588555336
0.053836971521377563 -0.04541369900107384 0.44089409708976746
0.0491475947201252 -0.040445033460855484 0.4446261525154114
0.04205762594938278 -0.04192983731627464 0.4373159408569336
0.03830648586153984 -0.03660881891846657 0.4280657470226288
0.029530005529522896 -0.03371085971593857 0.41199690103530884
0.027634093537926674 -0.02964681200683117 0.4153974652290344
0.021228356286883354 -0.02591278962790966 0.4073322117328644
0.01956605724990368 -0.01742415688931942 0.40452396869659424
0.00953135546296835 -0.01210043579339981 0.39619600772857666
0.007766456808894873 -0.009736442938446999 0.38664212822914124
0.002339722355827689 -0.0028338537085801363 0.381217896938324
0.0011689512757584453 -3.230518996133469e-05 0.3716270923614502
-0.00610030023381114 0.0036773241590708494 0.3659736216068268
-0.012139898724853992 0.006459914147853851 0.3469168543815613
-0.01627521775662899 0.014483578503131866 0.3396100699901581
