Test Fly: hl_mc_fly_line, height at 1meter
Date:  2023-12-12
logging-rate: 10
-0.15300343930721283
-0.1544298678636551
-0.1483190953731537
-0.1496604084968567
-0.1459614783525467
-0.14776204526424408
-0.14561836421489716
-0.14814306795597076
-0.14905084669589996
-0.15111808478832245
-0.14606711268424988
-0.1502256840467453
-0.15311504900455475
-0.15179044008255005
-0.15430738031864166
-0.15379461646080017
-0.1587616354227066
-0.15470527112483978
-0.1567881852388382
-0.15164680778980255
-0.15682388842105865
-0.15186649560928345
-0.15233302116394043
-0.1488199234008789
-0.15371409058570862
-0.14897291362285614
-0.15282042324543
-0.15027546882629395
-0.15151837468147278
-0.14670385420322418
-0.1499084085226059
-0.1501639187335968
-0.15128809213638306
-0.14925216138362885
-0.15122246742248535
-0.14693549275398254
-0.14867757260799408
-0.14498253166675568
-0.14643797278404236
-0.14275063574314117
-0.14398060739040375
-0.1389109194278717
-0.14010587334632874
-0.13912779092788696
-0.14348319172859192
-0.14093823730945587
-0.14290419220924377
-0.14086294174194336
-0.14548256993293762
-0.14486688375473022
-0.1457536220550537
-0.14907081425189972
-0.14324776828289032
-0.14615730941295624
-0.1444956511259079
-0.14490388333797455
-0.14950308203697205
-0.14693090319633484
-0.14745979011058807
-0.15267547965049744
-0.14695784449577332
-0.14910247921943665
-0.14311034977436066
-0.14447344839572906
-0.1388351172208786
-0.14240245521068573
-0.1395161747932434
-0.1428493708372116
-0.13907648622989655
-0.1410982310771942
-0.13793030381202698
-0.13991905748844147
-0.1369885504245758
-0.13979771733283997
-0.1337175816297531
-0.13565410673618317
-0.12862876057624817
-0.1319047510623932
-0.12903594970703125
-0.13276365399360657
-0.1267773061990738
-0.1291593611240387
-0.12187758833169937
-0.12597744166851044
-0.12056339532136917
-0.12256292253732681
-0.11843675374984741
-0.12080735713243484
-0.11439946293830872
-0.11910849064588547
-0.11538641899824142
-0.11790081113576889
-0.11578896641731262
-0.11836588382720947
-0.11762461811304092
-0.11849305778741837
-0.1198347732424736
-0.12216172367334366
-0.12201958894729614
-0.12478315085172653
-0.12189104408025742
-0.1241520419716835
-0.12217862159013748
-0.1253085732460022
-0.12280704081058502
-0.12045291066169739
-0.11959919333457947
-0.12201260775327682
-0.11680226773023605
-0.1199856549501419
-0.11643695086240768
-0.1187138482928276
-0.1176789253950119
-0.11925305426120758
-0.12127875536680222
-0.12231314182281494
-0.11883115023374557
-0.11929726600646973
-0.11923280358314514
-0.11868993937969208
-0.12107409536838531
-0.11872515827417374
-0.12043447047472
-0.1132570430636406
-0.11641687154769897
-0.11448560655117035
-0.11556357145309448
-0.1108216717839241
-0.11313232779502869
-0.10494256019592285
-0.11035440862178802
-0.10790005326271057
-0.11150529980659485
-0.11086241900920868
-0.11430579423904419
-0.11367437243461609
-0.11247345060110092
-0.11509883403778076
-0.11187216639518738
-0.1138368770480156
-0.10716177523136139
-0.11379370093345642
-0.10806775093078613
-0.11030200123786926
-0.10432424396276474
-0.10784976929426193
-0.10265107452869415
-0.10982458293437958
-0.10880924016237259
-0.11730678379535675
-0.11515297740697861
-0.11666293442249298
-0.11003737896680832
-0.10884036868810654
-0.11074399948120117
-0.11369482427835464
-0.11582313477993011
-0.11791088432073593
-0.11895524710416794
-0.12243542820215225
-0.12099205702543259
-0.12970466911792755
-0.12371191382408142
-0.12753084301948547
-0.13070498406887054
-0.12847910821437836
-0.12473669648170471
-0.12192520499229431
-0.12236353754997253
-0.13350050151348114
-0.13245080411434174
-0.13676036894321442
-0.13745521008968353
-0.1347433179616928
-0.14893589913845062
-0.15532150864601135
-0.16432957351207733
-0.16469348967075348
-0.1683870553970337
-0.17071962356567383
-0.1756308525800705
-0.18006114661693573
-0.19347096979618073
-0.1956072747707367
-0.19940797984600067
-0.19927893579006195
-0.20713786780834198
-0.20923568308353424
-0.21467426419258118
-0.21891826391220093
-0.21623532474040985
-0.2204577922821045
-0.23284228146076202
-0.23702284693717957
-0.23990198969841003
-0.24194195866584778
-0.24194307625293732
-0.24276484549045563
-0.2534029483795166
-0.263938844203949
-0.2685421109199524
-0.2683214843273163
-0.26397019624710083
-0.27236494421958923
-0.26944541931152344
-0.2726344168186188
-0.2719040513038635
-0.2829771041870117
-0.282377153635025
-0.27750980854034424
-0.2783137559890747
-0.2776787579059601
-0.2768697142601013
-0.2816699147224426
-0.2796389162540436
-0.27394726872444153
-0.27392834424972534
-0.27676427364349365
-0.26817870140075684
-0.26940205693244934
-0.2630006670951843
-0.25799909234046936
-0.2523842751979828
-0.24923557043075562
-0.2472214698791504
-0.24220944941043854
-0.23293302953243256
-0.23016159236431122
-0.22410903871059418
-0.2199762463569641
-0.21283112466335297
-0.2070530503988266
-0.20255734026432037
-0.19748394191265106
-0.18866398930549622
-0.1824992299079895
-0.17641524970531464
-0.16771200299263
-0.16084454953670502
-0.15274372696876526
-0.14614588022232056
-0.13761334121227264
-0.1281505674123764
-0.12103665620088577
-0.11563912779092789
-0.11104743182659149
-0.1050347164273262
-0.0990268811583519
-0.09364870190620422
-0.08891976624727249
-0.08271712809801102
-0.07581961899995804
-0.07346807420253754
-0.06686627119779587
-0.0635654553771019
-0.060499660670757294
-0.0576707124710083
-0.0487164705991745
-0.03880566731095314
-0.03804580122232437
-0.033395033329725266
-0.02955012582242489
-0.016013428568840027
-0.013385077938437462
-0.0039016827940940857
-7.562101927760523e-06
0.0020242216996848583
-0.00024308692081831396
0.00048284270451404154
0.0025865179486572742
0.005421934183686972
0.00914987362921238
0.01164658460766077
0.013155962340533733
0.015553554520010948
0.01589534431695938
0.01632698066532612
0.020011398941278458
0.0193844772875309
0.019231054931879044
0.020365241914987564
0.016809122636914253
0.022148068994283676
0.02471018396317959
0.021970432251691818
0.025138411670923233
0.0211953092366457
0.02291560359299183
0.018263990059494972
0.020110707730054855
0.018843986093997955
0.018376808613538742
0.02046857215464115
0.0208869818598032
0.024576542899012566
0.02499603107571602
0.025980040431022644
0.02716263383626938
0.026336506009101868
0.027026666328310966
0.024028761312365532
0.019187426194548607
0.017834991216659546
0.016479264944791794
0.015288357622921467
0.013333875685930252
0.011021523736417294
0.01130462996661663
0.00829277466982603
0.00760401738807559
0.006326030939817429
0.004585101269185543
0.004212922416627407
0.0025507856626063585
0.0012780711986124516
-0.0029713099356740713
-0.003374925348907709
-0.004763378761708736
-0.004868143238127232
-0.005294716451317072
-0.011639682576060295
-0.015125068835914135
-0.015198885463178158
-0.019971853122115135
-0.018875202164053917
-0.02413075417280197
-0.024952976033091545
-0.031252507120370865
-0.03203551843762398
-0.03685358911752701
-0.03695544973015785
-0.03653581812977791
-0.03759936988353729
-0.038517337292432785
-0.03970407694578171
-0.04105471447110176
-0.044995181262493134
-0.043023720383644104
-0.042037226259708405
-0.04015256091952324
-0.03877897933125496
-0.03888213634490967
-0.04020920395851135
-0.037978023290634155
-0.03629345819354057
-0.03471870347857475
-0.03804359585046768
-0.03527051582932472
-0.038482874631881714
-0.038508713245391846
-0.03892402723431587
-0.03825508803129196
-0.03887641057372093
-0.03869696706533432
-0.038859955966472626
-0.04025162756443024
-0.039564844220876694
-0.04211559519171715
-0.04720054566860199
-0.04565902799367905
-0.04624440148472786
-0.04473252221941948
-0.050324779003858566
-0.04998863488435745
-0.05929034203290939
-0.05679651349782944
-0.0535099059343338
-0.05584245175123215
-0.05223637819290161
-0.05256401747465134
-0.052312906831502914
-0.053437262773513794
-0.05653930455446243
-0.0564199760556221
-0.06308490037918091
-0.06220996379852295
-0.07058043032884598
-0.06822294741868973
-0.0646853968501091
-0.07057592272758484
-0.06838800013065338
-0.08069200068712234
-0.07803415507078171
-0.08576980978250504
-0.08737929910421371
-0.09592219442129135
-0.09827802330255508
-0.1102193146944046
-0.11081866919994354
-0.11222852021455765
-0.11499258875846863
-0.12190289050340652
-0.12493699043989182
-0.13667576014995575
-0.1444358229637146
-0.15244996547698975
-0.1526382863521576
-0.15436436235904694
-0.1628752052783966
-0.1647447794675827
-0.16446459293365479
-0.16722850501537323
-0.1670221984386444
-0.17313601076602936
-0.1731054186820984
-0.17656798660755157
-0.17323791980743408
-0.1765381395816803
-0.1718832105398178
-0.1761241853237152
-0.17281167209148407
-0.1764194369316101
-0.1715027093887329
-0.17669746279716492
-0.17245499789714813
-0.17562708258628845
-0.17373570799827576
-0.17846402525901794
-0.17784377932548523
-0.1822347790002823
-0.18702934682369232
-0.1858513504266739
-0.1897883117198944
-0.18967853486537933
-0.18924078345298767
-0.19386771321296692
-0.19735749065876007
-0.19656500220298767
-0.20210205018520355
-0.20187270641326904
-0.20839743316173553
-0.20562785863876343
-0.21094819903373718
-0.20905530452728271
-0.21566526591777802
-0.21694113314151764
-0.2215130478143692
-0.21842437982559204
-0.22556406259536743
-0.22168691456317902
-0.23065334558486938
-0.22802482545375824
-0.2330639660358429
-0.2302277684211731
-0.2355320304632187
-0.23884129524230957
-0.2453780323266983
-0.2453862875699997
-0.25044625997543335
-0.2583543360233307
-0.2583180069923401
-0.2642856240272522
-0.26862359046936035
-0.2767915725708008
-0.27620017528533936
-0.28390663862228394
-0.28364694118499756
-0.2838549017906189
-0.28472498059272766
-0.2884516716003418
-0.29035380482673645
-0.2952200770378113
-0.29702579975128174
-0.3019624948501587
-0.3131086826324463
-0.31255149841308594
-0.31409981846809387
-0.3196121156215668
-0.32563281059265137
-0.3302718997001648
-0.3362634479999542
-0.34121981263160706
-0.34343451261520386
-0.34894317388534546
-0.35814398527145386
-0.3586042821407318
-0.37045443058013916
-0.36928075551986694
-0.3749217391014099
-0.3778226971626282
-0.3846133053302765
-0.3878898620605469
-0.3975706100463867
-0.4007602035999298
-0.40903374552726746
-0.409263551235199
-0.4196717441082001
-0.42156782746315
-0.4326601028442383
-0.43178629875183105
-0.44041770696640015
-0.446950227022171
-0.4550671875476837
-0.45902779698371887
-0.4672325551509857
-0.472068727016449
-0.48051849007606506
-0.48793739080429077
-0.49342870712280273
-0.5009291172027588
-0.5079848766326904
-0.5171631574630737
-0.5233262181282043
-0.5313826203346252
-0.537960946559906
-0.5448419451713562
-0.5517157912254333
-0.5600749254226685
-0.5650607347488403
-0.5728688836097717
-0.578675389289856
-0.587191104888916
-0.5932846665382385
-0.596506655216217
-0.6024937629699707
-0.6071863770484924
-0.612842321395874
-0.6177244186401367
-0.6208668351173401
-0.6240419745445251
-0.6300262808799744
-0.6361834406852722
-0.6427537202835083
-0.6485511660575867
-0.654433012008667
-0.6560080051422119
-0.6621437668800354
-0.6679695844650269
-0.6751194000244141
-0.6760467886924744
-0.682248055934906
-0.6834813356399536
-0.6887176632881165
-0.6872068047523499
-0.6926840543746948
-0.6958819031715393
-0.6992120146751404
-0.7038755416870117
-0.7082479000091553
-0.7144343852996826
-0.7178804874420166
-0.725949227809906
-0.7269363403320312
-0.7336651086807251
-0.7383146286010742
-0.7441679835319519
-0.7494245171546936
-0.7578909397125244
-0.759842038154602
-0.7668330073356628
-0.7685112953186035
-0.7729417085647583
-0.7750738859176636
-0.7806344628334045
-0.7841981649398804
-0.7898241281509399
-0.7916635870933533
-0.7995966076850891
-0.8006196022033691
-0.8057839274406433
-0.8090648055076599
-0.8140692710876465
-0.8202158808708191
-0.8236705660820007
-0.8304767608642578
-0.829508900642395
-0.8372781276702881
-0.8365699052810669
-0.843400776386261
-0.8465865254402161
-0.8543162941932678
-0.8575500845909119
-0.8640252947807312
-0.8629001379013062
-0.8692613244056702
-0.8678672909736633
-0.8737146854400635
-0.8736428022384644
-0.8779124021530151
-0.8794900178909302
-0.8846338987350464
-0.8862805366516113
-0.8906404376029968
-0.8881276249885559
-0.8912533521652222
-0.8889661431312561
-0.8932586908340454
-0.8934040665626526
-0.898152232170105
-0.9003351926803589
-0.9045460820198059
-0.9033108353614807
-0.9077501893043518
-0.9058510661125183
-0.9098591208457947
-0.9065565466880798
-0.9123296737670898
-0.9089900851249695
-0.9134292602539062
-0.9144874811172485
-0.9156225323677063
-0.916641891002655
-0.9197697639465332
-0.9201444983482361
-0.9235249161720276
-0.9245184063911438
-0.9235749840736389
-0.9256744384765625
-0.9276222586631775
-0.9291772842407227
-0.9268398284912109
-0.9289393424987793
-0.9282282590866089
-0.9290395379066467
-0.9265129566192627
-0.9273480176925659
-0.9287819862365723
-0.9300557374954224
-0.9311720728874207
-0.9333999156951904
-0.9354071617126465
-0.9379401803016663
-0.9342309236526489
-0.935142993927002
-0.9347226619720459
-0.9368237257003784
-0.9357274770736694
-0.9367861747741699
-0.9325972199440002
-0.9342769384384155
-0.9305217862129211
-0.9316533803939819
-0.9283337593078613
-0.9294338822364807
-0.9292168617248535
-0.9301453232765198
-0.926812469959259
-0.928261399269104
-0.9237481951713562
-0.9241944551467896
-0.921591579914093
-0.9219871163368225
-0.9232631921768188
-0.9238186478614807
-0.9227414727210999
-0.9256390929222107
-0.9238000512123108
-0.9230398535728455
-0.9218010306358337
-0.9198920130729675
-0.9204568862915039
-0.9186932444572449
-0.9185672998428345
-0.9186384677886963
-0.9197027087211609
-0.9195396304130554
-0.9204623699188232
-0.921001136302948
-0.9201928973197937
-0.9203469157218933
-0.9202138781547546
-0.9220917224884033
-0.9230459928512573
-0.9227887988090515
-0.9234892129898071
-0.9251869320869446
-0.9253619313240051
-0.9268754124641418
-0.9285014867782593
-0.9280130863189697
-0.9286975264549255
-0.9295886754989624
-0.9295099377632141
-0.9306433796882629
-0.9310072064399719
-0.932291567325592
-0.9307199120521545
-0.9318791031837463
-0.9328750967979431
-0.931915819644928
-0.9329798221588135
-0.9330876469612122
-0.9340426921844482
-0.9357898831367493
-0.9402133226394653
-0.9392942786216736
-0.941153883934021
-0.9395294785499573
-0.9414145946502686
-0.9396232962608337
-0.9441615343093872
-0.942898154258728
-0.9447731375694275
-0.9446969628334045
-0.9487398266792297
-0.9464621543884277
-0.9495278596878052
-0.9482393264770508
-0.9514411687850952
-0.9496445655822754
-0.9513293504714966
-0.9505241513252258
-0.9522947072982788
-0.9529468417167664
-0.9543390274047852
-0.9545764923095703
-0.956611156463623
-0.9561889171600342
-0.960004448890686
-0.9601293206214905
-0.960871160030365
-0.9601540565490723
-0.9620723724365234
-0.9629068374633789
-0.9672144651412964
-0.96696937084198
-0.9688234925270081
-0.9677297472953796
-0.968256413936615
-0.9675940275192261
-0.9705652594566345
-0.9711267948150635
-0.9694519639015198
-0.9682782888412476
-0.9683591723442078
-0.967327892780304
-0.9676060080528259
-0.9656141400337219
-0.9651155471801758
-0.9646430611610413
-0.9642749428749084
-0.9633418321609497
-0.9618677496910095
-0.9614245295524597
-0.9595921635627747
-0.9585300087928772
-0.960053026676178
-0.9578147530555725
-0.9553219676017761
-0.9552615284919739
-0.9536370038986206
-0.9508882164955139
-0.9485788345336914
-0.948525607585907
-0.947128415107727
-0.9446240663528442
-0.9444742202758789
-0.9406154751777649
-0.9390106201171875
-0.9368277192115784
-0.9348831176757812
-0.9299719929695129
-0.9275282621383667
-0.9233114719390869
-0.920466959476471
-0.9205684065818787
-0.915431559085846
-0.9095253944396973
-0.9064168334007263
-0.9010454416275024
-0.8996948599815369
-0.8947063684463501
-0.892616868019104
-0.8901113867759705
-0.8869311213493347
-0.8848500847816467
-0.8826066851615906
-0.8758712410926819
-0.877237856388092
-0.8748038411140442
-0.8702341318130493
-0.8666369915008545
-0.8588589429855347
-0.85384202003479
-0.8507596254348755
-0.8477201461791992
-0.8442490100860596
-0.8399133086204529
-0.8356029987335205
-0.8308253884315491
-0.8258200883865356
-0.821943461894989
-0.816960871219635
-0.8135021328926086
-0.8082026839256287
-0.8031419515609741
-0.7997527718544006
-0.7934335470199585
-0.7912082076072693
-0.7844271659851074
-0.7835224270820618
-0.776928722858429
-0.7768581509590149
-0.7696072459220886
-0.7672734260559082
-0.7594633102416992
-0.7593143582344055
-0.7522101402282715
-0.753072202205658
-0.7480529546737671
-0.7469024658203125
-0.7394582629203796
-0.7401866316795349
-0.7344157695770264
-0.733802080154419
-0.7267679572105408
-0.725499153137207
-0.7182865738868713
-0.7184413075447083
-0.7122533917427063
-0.711545467376709
-0.7084823250770569
-0.7048904299736023
-0.7016050815582275
-0.6982269287109375
-0.6895180344581604
-0.6842974424362183
-0.68205326795578
-0.6752052903175354
-0.6704457998275757
-0.6626007556915283
-0.6555734872817993
-0.6488462090492249
-0.6411812901496887
-0.628296434879303
-0.6271308064460754
-0.6187719106674194
-0.6171790957450867
-0.6092038154602051
-0.6072002649307251
-0.5987095236778259
-0.5988817811012268
-0.5921303629875183
-0.5887497067451477
-0.586491584777832
-0.5789336562156677
-0.5762291550636292
-0.5702704787254333
-0.56253582239151
-0.5541338920593262
-0.5505704879760742
-0.5469942092895508
-0.5468957424163818
-0.5379783511161804
-0.5391765832901001
-0.5292496681213379
-0.5267762541770935
-0.5196534991264343
-0.520747184753418
-0.5158204436302185
-0.5141652822494507
-0.5084353089332581
-0.5064008235931396
-0.4933148920536041
-0.49062079191207886
-0.487626314163208
-0.4824659526348114
-0.4784403145313263
-0.47197186946868896
-0.4676685333251953
-0.4621911346912384
-0.45982131361961365
-0.4509121775627136
-0.4471561014652252
-0.4413359761238098
-0.43900591135025024
-0.43375977873802185
-0.4304201006889343
-0.42579731345176697
-0.4232407808303833
-0.42125168442726135
-0.41777822375297546
-0.41422614455223083
-0.4111790060997009
-0.40512359142303467
-0.4029470980167389
-0.39880695939064026
-0.39523783326148987
-0.39131253957748413
-0.38653579354286194
-0.3824913799762726
-0.3760644197463989
-0.37228938937187195
-0.36733800172805786
-0.3617953062057495
-0.358465313911438
-0.3516850769519806
-0.35048946738243103
-0.3450774550437927
-0.342339426279068
-0.3357594609260559
-0.33217430114746094
-0.326201468706131
-0.32359808683395386
-0.3174196183681488
-0.3121618926525116
-0.3065774738788605
-0.306443989276886
-0.2990175783634186
-0.2982609272003174
-0.2911251187324524
-0.28532296419143677
-0.27704209089279175
-0.2800273001194
-0.2722533941268921
-0.27064675092697144
-0.2631905674934387
-0.2654893696308136
-0.25697141885757446
-0.25872179865837097
-0.25123196840286255
-0.2460649013519287
-0.2383553832769394
-0.23993264138698578
-0.23333275318145752
-0.23350268602371216
-0.2274220883846283
-0.22190546989440918
-0.21592582762241364
-0.20441149175167084
-0.19661447405815125
-0.18775922060012817
-0.17723792791366577
-0.1682870090007782
-0.16207338869571686
-0.15329818427562714
-0.14304466545581818
-0.13411158323287964
-0.1279486119747162
-0.11934583634138107
-0.11225628852844238
-0.10454075038433075
-0.09707942605018616
-0.08984402567148209
-0.08131956309080124
-0.0740441158413887
-0.06705448776483536
-0.06000781059265137
-0.05217317119240761
-0.04425450414419174
-0.036727894097566605
-0.030435994267463684
-0.021802114322781563
-0.01776440069079399
-0.008133933879435062
-0.003927781246602535
0.005137225147336721
0.011389661580324173
0.022552214562892914
0.028841976076364517
0.03936644643545151
0.04547906666994095
0.05506008490920067
0.06194422021508217
0.07394760847091675
0.08080486208200455
0.09076586365699768
0.09831435233354568
0.11065512150526047
0.11876922100782394
0.13113847374916077
0.13991102576255798
0.1502581536769867
0.16074807941913605
0.17033874988555908
0.17949125170707703
0.18851912021636963
0.19749464094638824
0.2084444910287857
0.21721161901950836
0.22751376032829285
0.2370438575744629
0.24497650563716888
0.254822701215744
0.2599871754646301
0.2739243805408478
0.2776765823364258
0.2942785322666168
0.30219459533691406
0.3170124888420105
0.3223251402378082
0.33867403864860535
0.34587475657463074
0.3597261607646942
0.36744263768196106
0.38185614347457886
0.38742244243621826
0.40328675508499146
0.4077317714691162
0.4211239814758301
0.4282584488391876
0.43984565138816833
0.44727060198783875
0.45943203568458557
0.4625552296638489
0.47396883368492126
0.47803425788879395
0.4893755316734314
0.49505266547203064
0.5049502849578857
0.5095623135566711
0.51966792345047
0.5243235230445862
0.531916618347168
0.5365756750106812
0.5462577939033508
0.550879180431366
0.5562103986740112
0.5603631138801575
0.5692517161369324
0.5721873641014099
0.5778945088386536
0.5804694890975952
0.586250901222229
0.5900068879127502
0.5997697710990906
0.6032998561859131
0.611258864402771
0.6144315004348755
0.6343307495117188
0.6354459524154663
0.6430314779281616
0.6440852284431458
0.6443966031074524
0.6503820419311523
0.648840069770813
0.6540262699127197
0.6523814797401428
0.6587320566177368
0.6586031913757324
0.6694073677062988
0.6698009967803955
0.6822232604026794
0.6840559244155884
0.6978459358215332
0.6981508135795593
0.7074426412582397
0.7071658372879028
0.7357725501060486
0.7336888909339905
0.7397972941398621
0.7429416179656982
0.7473250031471252
0.7496220469474792
0.7465330362319946
0.7484027743339539
0.7503988742828369
0.7506653070449829
0.7519974112510681
0.7576606869697571
0.7714918851852417
0.7755619883537292
0.7885353565216064
0.7858273983001709
0.8022447228431702
0.804754912853241
0.8251692056655884
0.8270426988601685
0.8427689075469971
0.8396394848823547
0.8538271188735962
0.8725544810295105
0.8717926740646362
0.8692078590393066
0.8641763925552368
0.8788719773292542
0.8726111054420471
0.8879448175430298
0.8873599171638489
0.9006754755973816
0.8957136869430542
0.9168629050254822
0.9111998081207275
0.9106191396713257
0.9067360162734985
0.915381669998169
0.9103503227233887
0.9086129069328308
0.9035342335700989
0.9018363952636719
0.8978810906410217
0.9025179743766785
0.902735710144043
0.8922725915908813
0.8946041464805603
0.8937408924102783
0.8947315216064453
0.8920161724090576
0.8923323750495911
0.8893074989318848
0.8905730843544006
0.8967293500900269
0.9059751033782959
0.9011715650558472
0.9153778553009033
0.9127355217933655
0.922690212726593
0.9207974672317505
0.9323107600212097
0.9248854517936707
0.9395852088928223
0.937241792678833
0.9387726783752441
0.9407708048820496
0.9517711997032166
0.9428350329399109
0.9528531432151794
0.9439566135406494
0.9593181610107422
0.9513118267059326
0.9664736986160278
0.9629643559455872
0.9715971350669861
0.9677948355674744
0.9761971235275269
0.9714475870132446
0.9730353355407715
0.9715248942375183
0.9634483456611633
0.9660937190055847
0.9454032778739929
0.9375001788139343
0.9288328289985657
0.9257642030715942
0.917385458946228
0.9140624403953552
0.904277503490448
0.905516505241394
0.8964409828186035
0.8923153281211853
0.8839839100837708
0.8810429573059082
0.8735677003860474
0.8685986399650574
0.8611700534820557
0.8625119924545288
0.8545188307762146
0.8495320081710815
0.8421944379806519
0.8385712504386902
0.8304348587989807
0.827593982219696
0.823005199432373
0.8153799772262573
0.8102882504463196
0.8043467998504639
0.8012791275978088
0.7957620024681091
0.7920600771903992
0.7840346693992615
0.7845268249511719
0.7738559246063232
0.7737927436828613
0.7640701532363892
0.7634813785552979
0.7558777332305908
0.7553927898406982
0.747116208076477
0.745288074016571
0.7391209602355957
0.7385351061820984
0.7309118509292603
0.7293432950973511
0.7214906811714172
0.7234623432159424
0.717246949672699
0.7182766795158386
0.7138255834579468
0.7132075428962708
0.7075438499450684
0.7059009671211243
0.7010287642478943
0.7014774680137634
0.6996135115623474
0.7013410925865173
0.699998140335083
0.7017090916633606
0.7017389535903931
0.7012067437171936
0.6997330188751221
0.7011994123458862
0.701499342918396
0.7039446830749512
0.7034797668457031
0.706717848777771
0.7101196646690369
0.7137994766235352
0.7143746614456177
0.7185100317001343
0.7183912992477417
0.7233449220657349
0.7276627421379089
0.7316548824310303
0.7380784749984741
0.7427623867988586
0.7439935207366943
0.7501446008682251
0.7518046498298645
0.754470705986023
0.7599901556968689
0.7630846500396729
0.7670032382011414
0.7687637805938721
0.7746623158454895
0.7777188420295715
0.7831341028213501
0.7852294445037842
0.7880401015281677
0.7920617461204529
0.797644853591919
0.8051605224609375
0.8110286593437195
0.8130936026573181
0.822023332118988
0.8280596137046814
0.8364773988723755
0.8424270153045654
0.8557572960853577
0.8616939187049866
0.8657004237174988
0.870328426361084
0.8810985684394836
0.8881397843360901
0.8944600820541382
0.9011906981468201
0.904188334941864
0.9112762808799744
0.916701078414917
0.9219779968261719
0.9217825531959534
0.927244246006012
0.9351137280464172
0.938164234161377
0.9432429671287537
0.9457330703735352
0.9506271481513977
0.9518521428108215
0.9593057632446289
0.9596166610717773
0.9652813076972961
0.9666152000427246
0.9706851243972778
0.9713454842567444
0.9732832908630371
0.9716715216636658
0.9754948616027832
0.975642740726471
0.9793757200241089
0.9830332398414612
0.985139012336731
0.9868499636650085
0.9865924715995789
0.9863377213478088
0.988019585609436
0.9888878464698792
0.9875413179397583
0.9884381890296936
0.9870765209197998
0.9870976209640503
0.985876739025116
0.9842886328697205
0.9853085875511169
0.984218180179596
0.9830681085586548
0.9818665981292725
0.97742760181427
0.9749220013618469
0.9716291427612305
0.971951425075531
0.9701021313667297
0.9687038064002991
0.9649765491485596
0.9617152810096741
0.9579424858093262
0.9576593041419983
0.9529827833175659
0.94940584897995
0.9438405632972717
0.9410216212272644
0.9355423450469971
0.935160756111145
0.9413131475448608
0.9391980767250061
0.9338691830635071
0.9315778613090515
0.9278722405433655
0.9246655702590942
0.9228991866111755
0.9158793687820435
0.9189757704734802
0.913711667060852
0.9137744307518005
0.9075097441673279
0.9158329963684082
0.908759355545044
0.9017639756202698
0.8948514461517334
0.8851848840713501
0.880638837814331
0.8696802258491516
0.8630543947219849
0.8531969785690308
0.8469248414039612
0.8391954302787781
0.8320982456207275
0.8206298351287842
0.8147631883621216
0.8082497715950012
0.801012396812439
0.7955620884895325
0.7927911281585693
0.7824686169624329
0.7721349000930786
0.7638941407203674
0.7532513737678528
0.7460271716117859
0.7368934750556946
0.729607880115509
0.7214834094047546
0.714276134967804
0.7042266130447388
0.696587860584259
0.6864896416664124
0.6794748902320862
0.6732279062271118
0.6673803329467773
0.6598549485206604
0.6541587710380554
0.6464429497718811
0.6393705606460571
0.630294919013977
0.6262343525886536
0.6181870698928833
0.6125445365905762
0.6035727262496948
0.5975838899612427
0.590455949306488
0.5857797265052795
0.5814790725708008
0.574745774269104
0.5705663561820984
0.5630618929862976
0.5591513514518738
0.5521999597549438
0.5475783944129944
0.5407741665840149
0.5339957475662231
0.5291275382041931
0.5236563682556152
0.5167155861854553
0.5130884647369385
0.5095363855361938
0.5045721530914307
0.49976417422294617
0.4952787756919861
0.48971036076545715
0.486246794462204
0.4805469214916229
0.47705402970314026
0.47057172656059265
0.4675956964492798
0.4625166356563568
0.45700347423553467
0.4540068507194519
0.4498576819896698
0.4454105496406555
0.4412296414375305
0.4381430149078369
0.43402716517448425
0.4385135769844055
0.42735788226127625
0.43146762251853943
0.4200808107852936
0.4239257872104645
0.41088443994522095
0.41484931111335754
0.40278077125549316
0.40875527262687683
0.39485451579093933
0.39555397629737854
0.3857971131801605
0.38563576340675354
0.3770821690559387
0.3790889084339142
0.3719805181026459
0.3725331127643585
0.36679357290267944
0.36794164776802063
0.3615371286869049
0.36764246225357056
0.353664368391037
0.35540226101875305
0.3545325994491577
0.35645753145217896
0.34864723682403564
0.3491334021091461
0.34501856565475464
0.34513017535209656
0.33817294239997864
0.3383822441101074
0.33728522062301636
0.33417487144470215
0.33572322130203247
0.32906976342201233
0.32770612835884094
0.3162924349308014
0.3256472051143646
0.31877052783966064
0.3202762305736542
0.31602492928504944
0.31977272033691406
0.31338614225387573
0.3137098550796509
0.3090454339981079
0.30788132548332214
0.30337658524513245
0.30412501096725464
0.30185577273368835
0.30125555396080017
0.29766809940338135
0.29025471210479736
0.29056501388549805
0.28556498885154724
0.2829108238220215
0.27709344029426575
0.27838632464408875
0.2713629901409149
0.27156150341033936
0.2691764533519745
0.26741087436676025
0.2609371840953827
0.26027712225914
0.25468915700912476
0.25927504897117615
0.25309404730796814
0.25061118602752686
0.244606152176857
0.2453857809305191
0.23919697105884552
0.24069951474666595
0.23614417016506195
0.23512355983257294
0.2298092097043991
0.22737185657024384
0.2230444848537445
0.2224525809288025
0.2155938595533371
0.21621796488761902
0.2153168022632599
0.2099597007036209
0.20510894060134888
0.20165151357650757
0.1948779970407486
0.19168062508106232
0.1851666420698166
0.18156811594963074
0.18333923816680908
0.177992582321167
0.17565441131591797
0.1686752587556839
0.1677856296300888
0.15888987481594086
0.15899987518787384
0.1554083675146103
0.15331271290779114
0.14785093069076538
0.14936327934265137
0.1451301872730255
0.14656925201416016
0.1411139965057373
0.14200691878795624
0.1451328545808792
0.14327126741409302
0.13583792746067047
0.13287900388240814
0.12847240269184113
0.12734316289424896
0.12743937969207764
0.12339475750923157
0.11448931694030762
0.11511880159378052
0.11131243407726288
0.10695765912532806
0.10958174616098404
0.10782912373542786
0.09974473714828491
0.0996682420372963
0.10094331949949265
0.0990784540772438
0.10091306269168854
0.09980221092700958
0.10228050500154495
0.09592346847057343
0.0978434756398201
0.09398926794528961
0.09490478783845901
0.09154411405324936
0.09153413772583008
0.08579210937023163
0.0872306078672409
0.09052310883998871
0.09108930081129074
0.08522669225931168
0.0863274559378624
0.08203036338090897
0.08390922099351883
0.07851934432983398
0.07873755693435669
0.07057199627161026
0.0734923928976059
0.06611698865890503
0.06463256478309631
0.05708865076303482
0.05776432901620865
0.05536797270178795
0.056152600795030594
0.05388205125927925
0.05503907427191734
0.04693876951932907
0.04766542837023735
0.0457591749727726
0.04554479941725731
0.03535629063844681
0.032911088317632675
0.029794778674840927
0.029042743146419525
0.028097789734601974
0.02604864351451397
0.01959054172039032
0.019179683178663254
0.015016036108136177
0.011045044288039207
0.014530106447637081
0.007918884977698326
0.004520114045590162
-0.0011980361305177212
-0.004517965950071812
-0.005351643543690443
-0.008407958783209324
-0.015363723039627075
-0.017173010855913162
-0.02116232179105282
-0.022934483364224434
-0.024346917867660522
-0.02596370130777359
-0.03447922691702843
-0.03710031881928444
-0.04433931037783623
-0.04331562668085098
-0.053078148514032364
-0.052149705588817596
-0.06089929863810539
-0.05323721468448639
-0.06341788917779922
-0.063817098736763
-0.07154548913240433
-0.07833364605903625
-0.07918442785739899
-0.07982775568962097
-0.08301522582769394
-0.08353054523468018
-0.08614359050989151
-0.0881858617067337
-0.08837591856718063
-0.08211930096149445
-0.08011839538812637
-0.076408252120018
-0.07324434816837311
-0.07279043644666672
-0.07308259606361389
-0.06179838627576828
-0.05580899864435196
-0.044424332678318024
-0.038200728595256805
-0.030349846929311752
-0.021228550001978874
-0.015678608790040016
-0.0036916974931955338
0.0036903175059705973
0.011100036092102528
0.010551377199590206
0.019310887902975082
0.021240083500742912
0.030572082847356796
0.03498248755931854
0.04543204605579376
0.04543473199009895
0.05150584876537323
0.05652094632387161
0.06267855316400528
0.06400154531002045
0.05678430572152138
0.04905305057764053
0.053708113729953766
0.05728326737880707
0.06567700207233429
0.06854268163442612
0.06653648614883423
0.06832769513130188
0.07091681659221649
0.07127413153648376
0.07070428878068924
0.0724673941731453
0.07368459552526474
0.0773712620139122
0.07859645783901215
0.08451112359762192
0.08179079741239548
0.08838575333356857
0.08170443028211594
0.08624697476625443
0.08490648120641708
0.08745832741260529
0.08747396618127823
0.08463842421770096
0.08268511295318604
0.08383737504482269
0.08891679346561432
0.08595708757638931
0.08721684664487839
0.09024769067764282
0.09249699115753174
0.09818475693464279
0.09831593930721283
0.10306694358587265
0.10204152762889862
0.10599822551012039
0.10336454212665558
0.10573248565196991
0.10743851959705353
0.10454878211021423
0.10783752053976059
0.10709927976131439
