Test Fly: hl_mc_fly_line, height at 1meter
Date:  2024-01-09
logging-rate: 10
-0.2603268623352051
-0.26345303654670715
-0.2631770670413971
-0.2659618854522705
-0.26623085141181946
-0.2652689516544342
-0.2697316110134125
-0.26622459292411804
-0.26610925793647766
-0.2648800313472748
-0.2645898163318634
-0.2640528976917267
-0.2633918523788452
-0.2646612226963043
-0.2651255130767822
-0.26816296577453613
-0.2672714591026306
-0.2671312987804413
-0.2662994861602783
-0.2660273015499115
-0.2653298079967499
-0.265706866979599
-0.26482462882995605
-0.26390141248703003
-0.26675909757614136
-0.2677540183067322
-0.2720412313938141
-0.27286550402641296
-0.2765366733074188
-0.2750101089477539
-0.2796778082847595
-0.2782624661922455
-0.2828722894191742
-0.2836802005767822
-0.28520792722702026
-0.2795775532722473
-0.28347644209861755
-0.27764132618904114
-0.2765326499938965
-0.2787768542766571
-0.27751439809799194
-0.2781660854816437
-0.27732065320014954
-0.27674809098243713
-0.2762437164783478
-0.2757173478603363
-0.2746428847312927
-0.2763330936431885
-0.2726980447769165
-0.273653507232666
-0.270072877407074
-0.27219101786613464
-0.2688358426094055
-0.26969775557518005
-0.2670455574989319
-0.2713658809661865
-0.26703667640686035
-0.26908078789711
-0.26641932129859924
-0.267557829618454
-0.2646535634994507
-0.2673828601837158
-0.2655009627342224
-0.26935818791389465
-0.27055299282073975
-0.27369341254234314
-0.2709406316280365
-0.2740287184715271
-0.2677992284297943
-0.27083584666252136
-0.2679019272327423
-0.27193260192871094
-0.2687446177005768
-0.2733054459095001
-0.2751619219779968
-0.27343523502349854
-0.2722640633583069
-0.27100327610969543
-0.2686583697795868
-0.2725867033004761
-0.26909342408180237
-0.2680264711380005
-0.26720449328422546
-0.2665620744228363
-0.26476818323135376
-0.2648577094078064
-0.2644283175468445
-0.26448357105255127
-0.26621371507644653
-0.2666816711425781
-0.26519879698753357
-0.26480960845947266
-0.26269760727882385
-0.2619682252407074
-0.26481392979621887
-0.26153072714805603
-0.26614969968795776
-0.26262369751930237
-0.26466619968414307
-0.2618943452835083
-0.26410868763923645
-0.26397180557250977
-0.26864567399024963
-0.26496654748916626
-0.2675021290779114
-0.2679912745952606
-0.27044743299484253
-0.2667504847049713
-0.2717069983482361
-0.26546016335487366
-0.2680460214614868
-0.2615169286727905
-0.263741135597229
-0.25808629393577576
-0.26268845796585083
-0.2579072415828705
-0.26185545325279236
-0.25976133346557617
-0.26385417580604553
-0.25880661606788635
-0.26411256194114685
-0.2586081922054291
-0.2617650628089905
-0.2563203275203705
-0.2602619528770447
-0.25814089179039
-0.26100030541419983
-0.2560780346393585
-0.26028239727020264
-0.2552253007888794
-0.2574673891067505
-0.25256580114364624
-0.2556421458721161
-0.25581756234169006
-0.254608154296875
-0.25580549240112305
-0.25259363651275635
-0.25423774123191833
-0.25391867756843567
-0.2542755901813507
-0.2504126727581024
-0.25278812646865845
-0.2528076767921448
-0.2566218078136444
-0.256321519613266
-0.2562015652656555
-0.2499719262123108
-0.2542218267917633
-0.24845384061336517
-0.24867340922355652
-0.24783729016780853
-0.2459794133901596
-0.2396351546049118
-0.2339698225259781
-0.23296453058719635
-0.23024660348892212
-0.22860094904899597
-0.224359393119812
-0.22139130532741547
-0.21418556571006775
-0.2152351438999176
-0.20734913647174835
-0.2076815515756607
-0.20246870815753937
-0.20103292167186737
-0.19266681373119354
-0.18828393518924713
-0.1799307018518448
-0.1730164885520935
-0.16556982696056366
-0.16546563804149628
-0.15599463880062103
-0.16556647419929504
-0.15874557197093964
-0.14851324260234833
-0.14268971979618073
-0.13215823471546173
-0.12551970779895782
-0.11855264008045197
-0.1124243512749672
-0.10687872767448425
-0.0994119718670845
-0.08783088624477386
-0.08487307280302048
-0.07002094388008118
-0.06565593928098679
-0.058175113052129745
-0.053745295852422714
-0.04227837547659874
-0.0368465781211853
-0.02649076096713543
-0.02116181142628193
-0.01406296156346798
-0.002583032241091132
0.00485046673566103
0.00712999701499939
0.015501665882766247
0.02041662484407425
0.029855050146579742
0.036872901022434235
0.04397381469607353
0.047199394553899765
0.05219493806362152
0.058969896286726
0.06615952402353287
0.06707704067230225
0.07460528612136841
0.07919857650995255
0.08494102209806442
0.09480753540992737
0.09365711361169815
0.10000970214605331
0.1005353033542633
0.11192554980516434
0.110285684466362
0.1175759807229042
0.11547578126192093
0.11960707604885101
0.12302973121404648
0.1311899572610855
0.13468851149082184
0.13904063403606415
0.1415073722600937
0.14498265087604523
0.1486540287733078
0.15129168331623077
0.15098288655281067
0.15205900371074677
0.1576141119003296
0.1612403690814972
0.16939899325370789
0.1790141463279724
0.18534024059772491
0.19239822030067444
0.19726309180259705
0.20100751519203186
0.21089580655097961
0.21706219017505646
0.2244693487882614
0.2332630455493927
0.24153584241867065
0.25074636936187744
0.255965918302536
0.26382067799568176
0.2738930881023407
0.2793384790420532
0.29080429673194885
0.2956830859184265
0.30582448840141296
0.31086358428001404
0.3267495930194855
0.332181841135025
0.3461088538169861
0.35305115580558777
0.3677014410495758
0.3773941099643707
0.3937929570674896
0.40352609753608704
0.41921669244766235
0.4268033802509308
0.44096094369888306
0.45024773478507996
0.46528488397598267
0.4750526249408722
0.49059370160102844
0.5065604448318481
0.5181336998939514
0.5306394100189209
0.5419445633888245
0.5573767423629761
0.5689201354980469
0.5838729739189148
0.5924081206321716
0.6097206473350525
0.6190038919448853
0.6329969763755798
0.6407902836799622
0.6506033539772034
0.6597821712493896
0.6717538237571716
0.6799330711364746
0.6903145909309387
0.7008331418037415
0.7119971513748169
0.7222708463668823
0.7350057363510132
0.7452779412269592
0.7543438673019409
0.7643125057220459
0.7738577723503113
0.7836740016937256
0.7951908707618713
0.8028465509414673
0.8125520348548889
0.8189209699630737
0.829024612903595
0.8371912837028503
0.8465997576713562
0.8537364602088928
0.8623765110969543
0.8694221377372742
0.8763792514801025
0.8835339546203613
0.8934789299964905
0.8997735977172852
0.9058911204338074
0.9102017879486084
0.9154641032218933
0.9185869693756104
0.9243285059928894
0.9359649419784546
0.9441118240356445
0.955123782157898
0.9629616141319275
0.9737783074378967
0.9797222018241882
0.9875782132148743
0.9950112700462341
1.0046113729476929
1.0070774555206299
1.0145134925842285
1.0201826095581055
1.030417561531067
1.0350064039230347
1.0422979593276978
1.0466324090957642
1.0540775060653687
1.0593384504318237
1.0681127309799194
1.0743807554244995
1.0820133686065674
1.083338737487793
1.090732216835022
1.093146562576294
1.1013418436050415
1.1044902801513672
1.1133030652999878
1.1185424327850342
1.12295663356781
1.127211332321167
1.1333668231964111
1.1382430791854858
1.1423375606536865
1.1456869840621948
1.1485116481781006
1.1531535387039185
1.1554386615753174
1.1603822708129883
1.1605346202850342
1.164156198501587
1.1655547618865967
1.1691597700119019
1.170438528060913
1.1729456186294556
1.1732722520828247
1.1741456985473633
1.1739181280136108
1.1744461059570312
1.1737139225006104
1.1735628843307495
1.1729741096496582
1.174137830734253
1.173255205154419
1.1720846891403198
1.1704922914505005
1.1714437007904053
1.1688529253005981
1.166843295097351
1.1645915508270264
1.1641058921813965
1.1606248617172241
1.1610081195831299
1.1584120988845825
1.1593594551086426
1.15654718875885
1.1561980247497559
1.1532961130142212
1.1532090902328491
1.150282382965088
1.1501349210739136
1.148187279701233
1.1450402736663818
1.1427496671676636
1.141084909439087
1.1428147554397583
1.1381044387817383
1.1402214765548706
1.1364597082138062
1.137905478477478
1.1339752674102783
1.1315994262695312
1.1283425092697144
1.1306723356246948
1.1279525756835938
1.130248785018921
1.1287668943405151
1.1311004161834717
1.1294595003128052
1.128983736038208
1.1266957521438599
1.1249359846115112
1.1225639581680298
1.1235637664794922
1.1214978694915771
1.119468331336975
1.11753511428833
1.1158808469772339
1.1132885217666626
1.1117178201675415
1.1099061965942383
1.107930064201355
1.1062748432159424
1.1050573587417603
1.1039472818374634
1.0989478826522827
1.0986658334732056
1.098205804824829
1.0972360372543335
1.090990662574768
1.0899876356124878
1.0838134288787842
1.083235740661621
1.0763587951660156
1.076457142829895
1.0751571655273438
1.0748684406280518
1.0682778358459473
1.0679436922073364
1.0728375911712646
1.070889949798584
1.0715912580490112
1.0775830745697021
1.0771706104278564
1.0825802087783813
1.081737756729126
1.0861797332763672
1.0866074562072754
1.0924503803253174
1.0924150943756104
1.0984877347946167
1.0993024110794067
1.1040785312652588
1.1035791635513306
1.1079704761505127
1.1096973419189453
1.1101709604263306
1.1099951267242432
1.114210844039917
1.1135870218276978
1.117685079574585
1.1166054010391235
1.1184351444244385
1.1181362867355347
1.1192851066589355
1.1191527843475342
1.116000771522522
1.1172441244125366
1.1127837896347046
1.1158194541931152
1.111480712890625
1.1125037670135498
1.1075260639190674
1.1113803386688232
1.1064350605010986
1.110052466392517
1.1050645112991333
1.1085658073425293
1.1030676364898682
1.1069927215576172
1.102307915687561
1.1045747995376587
1.098523497581482
1.1034471988677979
1.098768949508667
1.096323847770691
1.095001220703125
1.091387152671814
1.0892901420593262
1.0846749544143677
1.0838794708251953
1.0845474004745483
1.0835745334625244
1.0761810541152954
1.0748193264007568
1.068397045135498
1.0643850564956665
1.0569106340408325
1.0534011125564575
1.0470880270004272
1.0451844930648804
1.0380823612213135
1.036887764930725
1.0310349464416504
1.0240345001220703
1.025564193725586
1.019038200378418
1.020263910293579
1.0128191709518433
1.0130077600479126
1.0133994817733765
1.013136625289917
1.01308274269104
1.0119777917861938
1.0089176893234253
1.0091220140457153
1.0074608325958252
1.0074032545089722
1.0027153491973877
1.0033273696899414
0.998868465423584
0.9987919330596924
0.9949687719345093
0.9957441091537476
0.9927594065666199
0.9929011464118958
0.992609977722168
0.9933894872665405
0.9914670586585999
0.992626965045929
0.9902715682983398
0.9909883141517639
0.9905839562416077
0.9918931126594543
0.9904947876930237
0.9908947944641113
0.988702118396759
0.9910677671432495
0.9909800291061401
0.9935608506202698
0.9938487410545349
0.9950570464134216
0.995323896408081
0.9965048432350159
0.9979682564735413
0.9993828535079956
1.000194787979126
1.0023078918457031
1.0020747184753418
1.0033488273620605
1.0039557218551636
1.003568410873413
1.007236123085022
1.008180022239685
1.011725664138794
1.0152558088302612
1.0169284343719482
1.0188539028167725
1.0222519636154175
1.0239183902740479
1.0239787101745605
1.0239014625549316
1.0251408815383911
1.025755763053894
1.0288296937942505
1.0304009914398193
1.0313377380371094
1.0336084365844727
1.0337841510772705
1.0352333784103394
1.0351402759552002
1.0359890460968018
1.033631682395935
1.0357742309570312
1.0357089042663574
1.0378645658493042
1.0361074209213257
1.0378345251083374
1.0388238430023193
1.0416375398635864
1.0396405458450317
1.0433727502822876
1.042887568473816
1.0430364608764648
1.0429232120513916
1.0460519790649414
1.0462348461151123
1.0419684648513794
1.041540265083313
1.043986439704895
1.0417970418930054
1.0371482372283936
1.0350936651229858
1.029067039489746
1.0287078619003296
1.022620439529419
1.02236008644104
1.015987515449524
1.0133651494979858
1.0156834125518799
1.0168557167053223
1.0098246335983276
1.0143202543258667
1.0145161151885986
1.016874074935913
1.0109997987747192
1.0147440433502197
1.0121608972549438
1.0159155130386353
1.0129698514938354
1.0177350044250488
1.0196192264556885
1.0227744579315186
1.0170589685440063
1.0208995342254639
1.0181443691253662
1.0215920209884644
1.0229078531265259
1.0275686979293823
1.0308557748794556
1.0362268686294556
1.0392173528671265
1.0439144372940063
1.0476486682891846
1.052444577217102
1.0557242631912231
1.0611244440078735
1.0639220476150513
1.0708050727844238
1.0720479488372803
1.073035717010498
1.074744701385498
1.080384373664856
1.0818039178848267
1.084979772567749
1.0870048999786377
1.0880019664764404
1.0904361009597778
1.0925548076629639
1.0939298868179321
1.094059705734253
1.0951683521270752
1.100726842880249
1.1001638174057007
1.1054999828338623
1.1050506830215454
1.1130934953689575
1.1096452474594116
1.1157573461532593
1.113379716873169
1.1199454069137573
1.1174898147583008
1.123435616493225
1.1209620237350464
1.1239268779754639
1.1211986541748047
1.1227768659591675
1.1200683116912842
1.1205687522888184
1.117574691772461
1.121247410774231
1.1197874546051025
1.1239701509475708
1.1233325004577637
1.1256386041641235
1.1239464282989502
1.1227792501449585
1.120999813079834
1.122707486152649
1.1231434345245361
1.1245840787887573
1.1242936849594116
1.1213949918746948
1.1238747835159302
1.1202478408813477
1.116873860359192
1.1161940097808838
1.1149146556854248
1.1142010688781738
1.1155917644500732
1.1142598390579224
1.1118192672729492
1.1104635000228882
1.1118786334991455
1.111257553100586
1.111649513244629
1.110127329826355
1.1128885746002197
1.1135773658752441
1.1117056608200073
1.1129605770111084
1.1143635511398315
1.1153090000152588
1.1170226335525513
1.1181037425994873
1.1194723844528198
1.1210503578186035
1.123581886291504
1.127709984779358
1.121742844581604
1.1254143714904785
1.120173454284668
1.1220508813858032
1.1198835372924805
1.1238489151000977
1.119278907775879
1.1217396259307861
1.1163567304611206
1.1189792156219482
1.111598014831543
1.1112247705459595
1.1067253351211548
1.1077253818511963
1.0993107557296753
1.103819489479065
1.0962623357772827
1.0996932983398438
1.095465898513794
1.0990972518920898
1.099547028541565
1.1006804704666138
1.1003494262695312
1.101595401763916
1.10098135471344
1.1084765195846558
1.108325719833374
1.1149311065673828
1.1145775318145752
1.11524498462677
1.113642692565918
1.112353801727295
1.1124383211135864
1.1154340505599976
1.1153079271316528
1.1211024522781372
1.1195483207702637
1.127851963043213
1.1270394325256348
1.132207989692688
1.1310657262802124
1.1313682794570923
1.1301627159118652
1.1331708431243896
1.1320815086364746
1.1379307508468628
1.1356066465377808
1.1402826309204102
1.1402716636657715
1.1458537578582764
1.1461645364761353
1.1439093351364136
1.1480164527893066
1.1484485864639282
1.152032494544983
1.1500654220581055
1.1539523601531982
1.1533887386322021
1.1564618349075317
1.1561161279678345
1.1587960720062256
1.158411979675293
1.1624339818954468
1.1612063646316528
1.1634693145751953
1.1622443199157715
1.1552844047546387
1.1540935039520264
1.1494629383087158
1.1485154628753662
1.1520920991897583
1.1505539417266846
1.1470876932144165
1.1471422910690308
1.1433956623077393
1.1406193971633911
1.1422502994537354
1.1418520212173462
1.1357808113098145
1.135585069656372
1.128312587738037
1.1299998760223389
1.1257202625274658
1.1254382133483887
1.1200413703918457
1.120331883430481
1.115600824356079
1.1152949333190918
1.1139092445373535
1.1148689985275269
1.1145756244659424
1.1155914068222046
1.115106463432312
1.1109827756881714
1.1082468032836914
1.1096678972244263
1.10947585105896
1.1100369691848755
1.111642837524414
1.109628438949585
1.107958197593689
1.1094242334365845
1.109751582145691
1.1089290380477905
1.1113183498382568
1.111301302909851
1.110097050666809
1.1101040840148926
1.1051851511001587
1.1049998998641968
1.10305917263031
1.1029903888702393
1.1051007509231567
1.1052379608154297
1.100786805152893
1.098889708518982
1.0963447093963623
1.0959522724151611
1.0955910682678223
1.094351887702942
1.0960462093353271
1.0943623781204224
1.0969551801681519
1.0957571268081665
1.094390630722046
1.094170331954956
1.093841552734375
1.093923807144165
1.095123052597046
1.0951143503189087
1.0963140726089478
1.0968059301376343
1.0970796346664429
1.0968515872955322
1.0965940952301025
1.0965449810028076
1.0973269939422607
1.0979828834533691
1.099428415298462
1.0990852117538452
1.1003892421722412
1.1001025438308716
1.1010082960128784
1.1010432243347168
1.0973045825958252
1.0981091260910034
1.0970861911773682
1.0966663360595703
1.0952380895614624
1.095289945602417
1.096139669418335
1.09373939037323
1.0925204753875732
1.092861294746399
1.0923805236816406
1.0900061130523682
1.0897198915481567
1.0900403261184692
1.089207649230957
1.0879992246627808
1.0877310037612915
1.084778070449829
1.084359049797058
1.0878021717071533
1.0869439840316772
1.087125301361084
1.0879627466201782
1.0857064723968506
1.0860062837600708
1.0845627784729004
1.0842868089675903
1.0826619863510132
1.0833030939102173
1.0844732522964478
1.0848896503448486
1.0856990814208984
1.0875712633132935
1.087913155555725
1.0895823240280151
1.0913070440292358
1.092178225517273
1.0935839414596558
1.0932072401046753
1.0947798490524292
1.0940442085266113
1.0945279598236084
1.0965895652770996
1.0982506275177002
1.0974862575531006
1.0989116430282593
1.098174810409546
1.097809076309204
1.0963011980056763
1.0954720973968506
1.0950953960418701
1.0918614864349365
1.091672420501709
1.0874145030975342
1.0870575904846191
1.092773199081421
1.0929235219955444
1.0937938690185547
1.0927345752716064
1.093185305595398
1.0927122831344604
1.0904372930526733
1.0896245241165161
1.0916032791137695
1.0909532308578491
1.0949954986572266
1.096038579940796
1.1026707887649536
1.1025463342666626
1.1011805534362793
1.1018203496932983
1.1015394926071167
1.1008498668670654
1.1011477708816528
1.1015127897262573
1.1065351963043213
1.1063531637191772
1.111196517944336
1.1097536087036133
1.111801028251648
1.1141307353973389
1.115747332572937
1.1164602041244507
1.11637544631958
1.115322232246399
1.1146564483642578
1.1186367273330688
1.1161746978759766
1.1169606447219849
1.1153727769851685
1.1174206733703613
1.1155105829238892
1.1181163787841797
1.1167762279510498
1.1187480688095093
1.1159156560897827
1.1176973581314087
1.117461085319519
1.1168612241744995
1.117929458618164
1.117987871170044
1.1179614067077637
1.1200863122940063
1.1208082437515259
1.1214847564697266
1.1209462881088257
1.1221938133239746
1.120009183883667
1.1234023571014404
1.1215077638626099
1.120985507965088
1.121050238609314
1.1242740154266357
1.1232578754425049
1.122091293334961
1.1188077926635742
1.1194193363189697
1.1204197406768799
1.12190580368042
1.122212529182434
1.125135064125061
1.1254826784133911
1.1270456314086914
1.1279009580612183
1.1271306276321411
1.127542495727539
1.1267884969711304
1.1268556118011475
1.1254290342330933
1.1254655122756958
1.1239913702011108
1.1232223510742188
1.120369791984558
1.1200447082519531
1.1182283163070679
1.1182210445404053
1.1155108213424683
1.1155327558517456
1.1134668588638306
1.1116737127304077
1.1091394424438477
1.1097227334976196
1.1065444946289062
1.1071805953979492
1.1035789251327515
1.1030482053756714
1.0985345840454102
1.0959168672561646
1.091561198234558
1.0928226709365845
1.0884742736816406
1.0900163650512695
1.085107684135437
1.0860215425491333
1.080916404724121
1.0822668075561523
1.0784761905670166
1.0800729990005493
1.075915813446045
1.0787423849105835
1.0752519369125366
1.0752629041671753
1.0730438232421875
1.0725959539413452
1.0718528032302856
1.0723695755004883
1.0735979080200195
1.072442889213562
1.0706076622009277
1.0710031986236572
1.070780873298645
1.0713837146759033
1.070146918296814
1.0692768096923828
1.0669792890548706
1.066596508026123
1.0665152072906494
1.0654932260513306
1.062821865081787
1.0609723329544067
1.0600031614303589
1.0548930168151855
1.049637794494629
1.0483187437057495
1.049241542816162
1.0489102602005005
1.0529133081436157
1.0524567365646362
1.044152855873108
1.0442748069763184
1.0422347784042358
1.0423662662506104
1.0330405235290527
1.0318034887313843
1.023209571838379
1.0218122005462646
1.004933476448059
1.0039969682693481
0.9860461950302124
0.9838289022445679
0.9753330945968628
0.9756609797477722
0.9668329954147339
0.9553146958351135
0.9553931355476379
0.9499323964118958
0.9494535326957703
0.9385907053947449
0.9385945796966553
0.932310938835144
0.9331366419792175
0.922277569770813
0.9212949275970459
0.9100630879402161
0.9081557989120483
0.896000862121582
0.8902605175971985
0.885431706905365
0.8841338753700256
0.880558967590332
0.8816880583763123
0.8872621655464172
0.8873724937438965
0.8870128989219666
0.8888821601867676
0.8961616158485413
0.8949156403541565
0.8971771597862244
0.896912157535553
0.8920726180076599
0.8923611640930176
0.8845590353012085
0.8852604627609253
0.8759898543357849
0.8655343055725098
0.8672326803207397
0.8578184843063354
0.8614170551300049
0.8582703471183777
0.8595941066741943
0.8579180836677551
0.8601057529449463
0.8567604422569275
0.8580586910247803
0.849432110786438
0.850638747215271
0.8416125774383545
0.8435711860656738
0.8377104997634888
0.8394827842712402
0.8414521813392639
0.8508566617965698
0.844842791557312
0.8483629822731018
0.850481390953064
0.8524394631385803
0.8562061786651611
0.8581528067588806
0.8600724935531616
0.8750703930854797
0.8769604563713074
0.8785985708236694
0.8785855174064636
0.8985417485237122
0.9005275368690491
0.9149153232574463
0.9163519740104675
0.9246382713317871
0.9267246723175049
0.9403148293495178
0.9419412612915039
0.9623314142227173
0.9641628861427307
0.9819909334182739
0.9841176867485046
1.0004171133041382
1.0025874376296997
1.0186221599578857
1.0203372240066528
1.0300745964050293
1.031374216079712
1.0452021360397339
1.0455896854400635
1.0601195096969604
1.0606496334075928
1.0663394927978516
1.0667227506637573
1.0794192552566528
1.079136848449707
1.0902611017227173
1.092568278312683
1.0928020477294922
1.1012277603149414
1.1025794744491577
1.1102176904678345
1.1119468212127686
1.1146140098571777
1.1159451007843018
1.1186450719833374
1.1175611019134521
1.1227054595947266
1.1214540004730225
1.1225452423095703
1.122262716293335
1.1284046173095703
1.1262151002883911
1.126347541809082
1.1239906549453735
1.1271930932998657
1.1246006488800049
1.1286734342575073
1.1255141496658325
1.1258351802825928
1.1235853433609009
1.1224894523620605
1.1231220960617065
1.120615839958191
1.1196954250335693
1.1183289289474487
1.1172688007354736
1.1159522533416748
1.1133229732513428
1.1128088235855103
1.1117730140686035
1.1109391450881958
1.1078555583953857
1.1058242321014404
1.104068636894226
1.1000828742980957
1.1009197235107422
1.0971121788024902
1.0973289012908936
1.0935202836990356
1.092352032661438
1.0894883871078491
1.0895484685897827
1.0881739854812622
1.0864535570144653
1.0823583602905273
1.080539584159851
1.0777455568313599
1.0775525569915771
1.0726834535598755
1.0718282461166382
1.0693464279174805
1.0684504508972168
1.066950798034668
1.0667831897735596
1.0632493495941162
1.0625191926956177
1.0570976734161377
1.0596816539764404
1.054181456565857
1.0566458702087402
1.0488379001617432
1.052551031112671
1.0519968271255493
1.0514718294143677
1.047126054763794
1.047202467918396
1.037760615348816
1.0366499423980713
1.030358076095581
1.0296183824539185
1.0224506855010986
1.0211641788482666
1.0222506523132324
1.0219193696975708
1.0146397352218628
1.0137377977371216
1.0139117240905762
1.0126084089279175
1.0076546669006348
1.0021971464157104
1.0009123086929321
0.9948662519454956
0.9974578022956848
0.9917232990264893
0.9950250387191772
0.9890583157539368
0.9884437322616577
0.9820066094398499
0.9874750971794128
0.9813858270645142
0.9875691533088684
0.9852763414382935
0.9900836944580078
0.9847872853279114
0.9855711460113525
0.9836996793746948
0.9882633090019226
0.982286810874939
0.9878446459770203
0.9829333424568176
0.9826880097389221
0.9794895648956299
0.9778240919113159
0.9818288087844849
0.9818791747093201
0.9823328256607056
0.9809865951538086
0.982812762260437
0.9787186980247498
0.9793387055397034
0.9744510650634766
0.9752218127250671
0.9713112115859985
0.9699033498764038
0.9660758972167969
0.9673120379447937
0.964777410030365
0.964576005935669
0.9601972699165344
0.960859477519989
0.9517471790313721
0.9516956806182861
0.9451912045478821
0.945859968662262
0.9384027719497681
0.937037467956543
0.9275217056274414
0.928451418876648
0.9202678799629211
0.9197409152984619
0.9139050841331482
0.9137849807739258
0.9085301756858826
0.9078155755996704
0.9030528664588928
0.902953028678894
0.9004505276679993
0.8977366089820862
0.8989893198013306
0.8965696096420288
0.8955668807029724
0.8941006064414978
0.891270101070404
0.8943451642990112
0.8929054737091064
0.8931472301483154
0.8933135867118835
0.8948745727539062
0.8990237712860107
0.9013773798942566
0.8995505571365356
0.9023275971412659
0.9025781154632568
0.9101340174674988
0.9104832410812378
0.9164422154426575
0.9164916276931763
0.9238588213920593
0.923184335231781
0.9298758506774902
0.9291402101516724
0.9358780384063721
0.9359898567199707
0.9441705346107483
0.9444995522499084
0.9530254006385803
0.9530746936798096
0.959766685962677
0.9601964354515076
0.9662213921546936
0.9664274454116821
0.9746414422988892
0.9747636914253235
0.9815579652786255
0.9816811084747314
0.9878578186035156
0.9872578382492065
0.993757426738739
0.9954730868339539
0.9965848326683044
1.0039020776748657
1.00433349609375
1.0108164548873901
1.0108208656311035
1.016966700553894
1.016710877418518
1.0248042345046997
1.0252553224563599
1.0317730903625488
1.0317872762680054
1.037320852279663
1.0385206937789917
1.044398546218872
1.0445009469985962
1.0475648641586304
1.0479648113250732
1.052889347076416
1.0538218021392822
1.0574978590011597
1.057245135307312
1.0608006715774536
1.063218116760254
1.0618716478347778
1.0647064447402954
1.0648903846740723
1.06583571434021
1.0686100721359253
1.0684312582015991
1.07068932056427
1.0711840391159058
1.0739749670028687
1.0744792222976685
1.0775927305221558
1.0770081281661987
1.0819365978240967
1.085911750793457
1.0862231254577637
1.090325951576233
1.0908970832824707
1.0937690734863281
1.0933806896209717
1.0963762998580933
1.096174955368042
1.0984020233154297
1.0981169939041138
1.1014373302459717
1.1013720035552979
1.0990971326828003
1.0985448360443115
1.1016767024993896
1.1018515825271606
1.1020878553390503
1.103054165840149
1.0990839004516602
1.1000850200653076
1.101038932800293
1.0998234748840332
1.1005629301071167
1.0992580652236938
1.1004371643066406
1.0999672412872314
1.0980123281478882
1.096969723701477
1.0988903045654297
1.0984283685684204
1.1014535427093506
1.0918912887573242
1.095837116241455
1.0920970439910889
1.0960907936096191
1.0912604331970215
1.0912758111953735
1.075662612915039
1.0788432359695435
1.0634214878082275
1.06572425365448
1.0553545951843262
1.0559697151184082
1.03351628780365
1.0357803106307983
1.0123095512390137
1.0108855962753296
0.9912084341049194
0.9919518828392029
0.9703963994979858
0.9703944325447083
0.9510216116905212
0.9501819014549255
0.9482694268226624
0.9364725947380066
0.935122013092041
0.9240094423294067
0.9180803894996643
0.905316174030304
0.9070156216621399
0.8998337388038635
0.8962844014167786
0.8831890225410461
0.8863645792007446
0.8744451999664307
0.8720352053642273
0.8689702153205872
0.8722453713417053
0.8546035289764404
0.8538109064102173
0.8355162739753723
0.8341580629348755
0.8224380016326904
0.8212782740592957
0.8112081289291382
0.8102385401725769
0.7995273470878601
0.7988594174385071
0.795198380947113
0.7960895895957947
0.7954049110412598
0.797942042350769
0.7934542298316956
0.7956130504608154
0.7969740629196167
0.800815224647522
0.8067646622657776
0.8106400966644287
0.8176098465919495
0.8217523694038391
0.8311008810997009
0.83770352602005
0.8480026721954346
0.8544766902923584
0.8616082668304443
0.8691075444221497
0.8751077055931091
0.8848861455917358
0.8910344243049622
0.8994389176368713
0.907318115234375
0.9178858995437622
0.9219676852226257
0.9302687048912048
0.9370726943016052
0.945541501045227
0.9527367353439331
0.9623702764511108
0.9699333906173706
0.9787240624427795
0.9867337942123413
0.9987364411354065
1.0058897733688354
1.0190922021865845
1.025938630104065
1.0360101461410522
1.0444990396499634
1.0520029067993164
1.0572816133499146
1.0686315298080444
1.0761524438858032
1.0869635343551636
1.092305064201355
1.1002120971679688
1.1046684980392456
1.1132614612579346
1.1180914640426636
1.1243414878845215
1.1309376955032349
1.1378554105758667
1.1429558992385864
1.148557424545288
1.1506413221359253
1.1553115844726562
1.1552600860595703
1.1609467267990112
1.1612945795059204
1.163507342338562
1.1641782522201538
1.1661580801010132
1.1658737659454346
1.1645922660827637
1.1653929948806763
1.1668254137039185
1.166841983795166
1.1672128438949585
1.165045142173767
1.1653974056243896
1.1626919507980347
1.1611461639404297
1.1582965850830078
1.1572070121765137
1.1527477502822876
1.1464956998825073
1.142500877380371
1.1392953395843506
1.1381888389587402
1.1317775249481201
1.1276003122329712
1.1218219995498657
1.1164623498916626
1.1124467849731445
1.1050333976745605
1.0988904237747192
1.0928807258605957
1.0866398811340332
1.0804266929626465
1.0747565031051636
1.065961480140686
1.0597339868545532
1.0545735359191895
1.0482996702194214
1.040549635887146
1.03374445438385
1.0225619077682495
1.0148190259933472
1.0071138143539429
0.9996007084846497
0.9879818558692932
0.9787540435791016
0.9721832275390625
0.9628509879112244
0.9549925923347473
0.9460695385932922
0.9368780255317688
0.929458737373352
0.9194414019584656
0.9107211232185364
0.8958218693733215
0.8877333998680115
0.873007595539093
0.8652998805046082
0.8492571115493774
0.8426650166511536
0.8326280117034912
0.8254895806312561
0.8110944032669067
0.8050169348716736
0.7919607162475586
0.7842469215393066
0.7708110213279724
0.7640339732170105
0.750755250453949
0.7442379593849182
0.7304203510284424
0.7229616641998291
0.7062400579452515
0.6998748183250427
0.6856721043586731
0.6767557859420776
0.665615439414978
0.6561760902404785
0.6447957158088684
0.6368505954742432
0.6276699900627136
0.6179382801055908
0.6122058629989624
0.6010205149650574
0.5939499735832214
0.5833990573883057
0.5786973237991333
0.5682191252708435
0.5625569820404053
0.5564252734184265
0.5513818264007568
0.5395756363868713
0.5330415368080139
0.523793637752533
0.5148823857307434
0.5056648850440979
0.4957227408885956
0.4864153265953064
0.47787705063819885
0.4694116711616516
0.457801878452301
0.4492991268634796
0.4401561915874481
0.43045684695243835
0.4219105839729309
0.41489657759666443
0.4039793908596039
0.4003371000289917
0.39065316319465637
0.38079896569252014
0.36986488103866577
0.365765780210495
0.35717037320137024
0.3514806926250458
0.3419564366340637
0.33513525128364563
0.32352983951568604
0.31594938039779663
0.30878207087516785
0.3040187954902649
0.29565879702568054
0.28680282831192017
0.2797327935695648
0.2705534100532532
0.2633514404296875
0.25572630763053894
0.25111624598503113
0.24384169280529022
0.2367340475320816
0.23354199528694153
0.22633491456508636
0.22336988151073456
0.216810941696167
0.20865759253501892
0.19618643820285797
0.19225162267684937
0.18636494874954224
0.1801004707813263
0.17416028678417206
0.17320604622364044
0.1665542870759964
0.16641250252723694
0.16044852137565613
0.15668334066867828
0.14999885857105255
0.14679528772830963
0.1363024264574051
0.12918657064437866
0.11757905781269073
0.11099836230278015
0.08580580353736877
0.07941202819347382
0.06638313829898834
0.062387678772211075
0.06051444262266159
0.05829514563083649
0.05798856541514397
0.05490956827998161
